3.978569e+02 5.090586e+02 2.819787e+02 5.243865e+02 4.229479e+02 3.791912e+02 4.336817e+02 3.023092e+02 3.855511e+02 5.018525e+02 2.790484e+02 4.043490e+02 3.667557e+02 5.601759e+02 3.615863e+02 4.182340e+02 5.392276e+02 6.306523e+02 4.446807e+02 3.102663e+02 4.183840e+02 3.683360e+02 3.748655e+02 4.436555e+02 5.994037e+02 4.261064e+02 2.969049e+02 4.816383e+02 3.401384e+02 4.382393e+02 
3.877314e+02 4.604007e+02 2.819787e+02 3.487185e+02 4.229479e+02 3.183130e+02 4.129948e+02 3.023092e+02 3.734459e+02 4.698560e+02 2.790484e+02 3.858319e+02 3.259723e+02 4.110545e+02 3.504709e+02 3.470539e+02 3.980652e+02 4.098292e+02 3.572548e+02 3.102663e+02 2.781549e+02 3.476734e+02 3.526796e+02 3.991308e+02 5.296634e+02 3.903628e+02 2.882716e+02 4.685092e+02 3.401384e+02 4.382393e+02 
2.840013e+02 3.450198e+02 2.819787e+02 3.287763e+02 4.187797e+02 2.969804e+02 4.129948e+02 2.733390e+02 3.513459e+02 4.317281e+02 2.790484e+02 3.858319e+02 3.183579e+02 3.383644e+02 2.737012e+02 3.470539e+02 3.566864e+02 4.006121e+02 3.571582e+02 3.102663e+02 2.622293e+02 3.476734e+02 3.526796e+02 3.991308e+02 4.973102e+02 3.766734e+02 2.882716e+02 3.771656e+02 3.137279e+02 4.128364e+02 
2.820345e+02 2.733349e+02 2.769597e+02 3.287763e+02 3.659535e+02 2.969804e+02 3.510423e+02 2.733390e+02 2.994571e+02 3.688135e+02 2.504683e+02 3.348284e+02 2.882626e+02 2.907939e+02 2.737012e+02 3.431606e+02 3.064619e+02 3.895630e+02 3.135137e+02 3.085839e+02 2.403912e+02 3.476734e+02 2.745287e+02 3.991308e+02 4.953890e+02 3.726912e+02 2.882716e+02 3.186836e+02 3.137279e+02 3.779240e+02 
2.543619e+02 2.733349e+02 2.249966e+02 2.834152e+02 2.595698e+02 2.552661e+02 2.785977e+02 2.490124e+02 2.343904e+02 2.708519e+02 2.168325e+02 3.040163e+02 2.858590e+02 2.356249e+02 2.737012e+02 3.086491e+02 3.064619e+02 2.622769e+02 2.704683e+02 3.022418e+02 2.210411e+02 2.814465e+02 2.654698e+02 3.404952e+02 3.392425e+02 2.951936e+02 2.495377e+02 2.750792e+02 2.515928e+02 2.511324e+02 
2.268903e+02 2.440892e+02 2.096033e+02 2.664297e+02 2.229078e+02 2.521589e+02 2.161458e+02 2.453083e+02 2.001807e+02 2.115075e+02 2.098074e+02 2.278262e+02 2.404752e+02 2.186463e+02 1.883711e+02 2.615179e+02 2.235880e+02 2.337332e+02 2.021612e+02 2.167071e+02 1.810219e+02 2.469830e+02 2.388634e+02 2.559602e+02 2.244329e+02 2.234513e+02 2.184015e+02 2.216669e+02 2.168494e+02 2.062045e+02 
2.029427e+02 2.111140e+02 1.822490e+02 2.078229e+02 1.879808e+02 2.114623e+02 1.891608e+02 1.789906e+02 1.904098e+02 1.793192e+02 2.029568e+02 1.831933e+02 1.886442e+02 1.980388e+02 1.852865e+02 2.145025e+02 1.967893e+02 2.121251e+02 1.843966e+02 1.864730e+02 1.803691e+02 2.158998e+02 2.098291e+02 2.051393e+02 2.063066e+02 2.058444e+02 1.976232e+02 1.901945e+02 1.952493e+02 1.897807e+02 
1.858187e+02 1.746882e+02 1.753981e+02 1.794389e+02 1.766398e+02 1.814972e+02 1.796633e+02 1.755486e+02 1.724408e+02 1.750517e+02 1.806307e+02 1.716849e+02 1.720144e+02 1.767436e+02 1.767115e+02 1.814303e+02 1.719198e+02 1.797485e+02 1.796726e+02 1.792299e+02 1.730008e+02 1.868767e+02 1.825044e+02 1.775107e+02 1.801920e+02 1.765734e+02 1.810911e+02 1.805468e+02 1.760699e+02 1.797723e+02 
1.723506e+02 1.702051e+02 1.720179e+02 1.731876e+02 1.714157e+02 1.721582e+02 1.730233e+02 1.720456e+02 1.707639e+02 1.687866e+02 1.742034e+02 1.704478e+02 1.692401e+02 1.693620e+02 1.708202e+02 1.735050e+02 1.685145e+02 1.714887e+02 1.721738e+02 1.709764e+02 1.703169e+02 1.720563e+02 1.719773e+02 1.741824e+02 1.717452e+02 1.697590e+02 1.695322e+02 1.733152e+02 1.716633e+02 1.714769e+02 
1.681859e+02 1.682742e+02 1.672404e+02 1.670020e+02 1.685259e+02 1.692274e+02 1.689274e+02 1.668018e+02 1.673642e+02 1.661773e+02 1.698851e+02 1.684535e+02 1.678431e+02 1.685996e+02 1.680195e+02 1.709289e+02 1.679577e+02 1.664536e+02 1.700492e+02 1.680585e+02 1.687460e+02 1.681242e+02 1.688407e+02 1.695815e+02 1.675219e+02 1.683019e+02 1.672066e+02 1.680156e+02 1.685629e+02 1.677271e+02 
1.636138e+02 1.681049e+02 1.663310e+02 1.665646e+02 1.662540e+02 1.672625e+02 1.672513e+02 1.659153e+02 1.664886e+02 1.652175e+02 1.674081e+02 1.632663e+02 1.659382e+02 1.658648e+02 1.655363e+02 1.688285e+02 1.667090e+02 1.657062e+02 1.654102e+02 1.660700e+02 1.658104e+02 1.666582e+02 1.669385e+02 1.677840e+02 1.662881e+02 1.660896e+02 1.668680e+02 1.659797e+02 1.667169e+02 1.656396e+02 
1.623871e+02 1.674773e+02 1.654892e+02 1.656833e+02 1.653784e+02 1.653339e+02 1.655409e+02 1.654411e+02 1.643830e+02 1.632970e+02 1.659606e+02 1.629510e+02 1.651984e+02 1.654072e+02 1.651854e+02 1.680024e+02 1.656923e+02 1.645339e+02 1.651303e+02 1.656759e+02 1.644402e+02 1.656175e+02 1.660369e+02 1.669938e+02 1.657593e+02 1.657950e+02 1.665441e+02 1.620208e+02 1.650951e+02 1.654274e+02 
1.617310e+02 1.641502e+02 1.652141e+02 1.649043e+02 1.651794e+02 1.648677e+02 1.649393e+02 1.652970e+02 1.636751e+02 1.632691e+02 1.657499e+02 1.622252e+02 1.649559e+02 1.651341e+02 1.650061e+02 1.649423e+02 1.655015e+02 1.643440e+02 1.650347e+02 1.653142e+02 1.640669e+02 1.654579e+02 1.653309e+02 1.666995e+02 1.652279e+02 1.654602e+02 1.661306e+02 1.594937e+02 1.639415e+02 1.653202e+02 
1.606537e+02 1.639216e+02 1.651930e+02 1.647248e+02 1.650166e+02 1.647142e+02 1.637730e+02 1.651844e+02 1.635017e+02 1.628554e+02 1.654475e+02 1.621542e+02 1.646365e+02 1.651119e+02 1.649542e+02 1.648467e+02 1.653457e+02 1.640319e+02 1.649463e+02 1.651699e+02 1.639466e+02 1.626844e+02 1.651732e+02 1.666725e+02 1.651712e+02 1.652883e+02 1.658151e+02 1.593959e+02 1.627192e+02 1.648216e+02 
1.593687e+02 1.631891e+02 1.593687e+02 1.634777e+02 1.614050e+02 1.645425e+02 1.614049e+02 1.627001e+02 1.614353e+02 1.627001e+02 1.593687e+02 1.614049e+02 1.606802e+02 1.593687e+02 1.649219e+02 1.627001e+02 1.601833e+02 1.593687e+02 1.649219e+02 1.593693e+02 1.614354e+02 1.614353e+02 1.637148e+02 1.627212e+02 1.627090e+02 1.627001e+02 1.627001e+02 1.593820e+02 1.593687e+02 1.627001e+02 
1.593687e+02 1.631891e+02 1.593687e+02 1.634777e+02 1.614049e+02 1.645425e+02 1.614049e+02 1.627001e+02 1.614353e+02 1.627001e+02 1.593687e+02 1.614049e+02 1.606802e+02 1.593687e+02 1.649219e+02 1.627001e+02 1.601831e+02 1.593687e+02 1.649219e+02 1.593687e+02 1.614353e+02 1.614353e+02 1.637148e+02 1.627001e+02 1.627001e+02 1.627001e+02 1.627001e+02 1.593687e+02 1.593687e+02 1.627001e+02 
2.000000e+05 2.000000e+05 2.000000e+05 2.000000e+05 2.000000e+05 2.000000e+05 2.000000e+05 2.000000e+05 2.000000e+05 2.000000e+05 2.000000e+05 2.000000e+05 2.000000e+05 2.000000e+05 2.000000e+05 2.000000e+05 2.000000e+05 2.000000e+05 2.000000e+05 2.000000e+05 2.000000e+05 2.000000e+05 2.000000e+05 2.000000e+05 2.000000e+05 2.000000e+05 2.000000e+05 2.000000e+05 2.000000e+05 2.000000e+05 
