1.049707e+02 4.566421e+02 9.281739e+01 1.785676e+02 2.130250e+02 2.978315e+02 5.213657e+01 2.982303e+02 5.431518e+02 3.455524e+02 2.227725e+02 1.619950e+02 1.646736e+02 1.406533e+02 9.855554e+01 3.196079e+02 3.852172e+02 4.467498e+02 4.535382e+02 8.869232e+01 4.554025e+02 1.030084e+02 7.013845e+01 3.266964e+02 2.019036e+02 3.863670e+02 2.292165e+02 3.763397e+02 3.296125e+02 9.468530e+01 
1.049707e+02 4.542058e+02 5.093931e+01 1.634965e+02 2.130250e+02 2.079162e+02 5.213657e+01 2.141726e+02 1.826443e+02 3.436647e+02 2.049028e+02 1.619950e+02 1.630505e+02 6.369527e+01 9.676832e+01 3.196079e+02 3.852172e+02 2.250853e+02 4.534097e+02 7.872440e+01 3.290680e+02 1.023751e+02 5.281815e+01 3.044384e+02 1.810654e+02 2.858107e+02 2.292165e+02 3.753110e+02 3.227470e+02 5.199565e+01 
1.049707e+02 1.457312e+02 5.047330e+01 1.599318e+02 8.204476e+01 1.663879e+02 5.213657e+01 2.068680e+02 6.901980e+01 1.827084e+02 2.049028e+02 1.619950e+02 1.173677e+02 5.873175e+01 9.676832e+01 3.125687e+02 2.844157e+02 2.227551e+02 2.443038e+02 7.872440e+01 1.890735e+02 9.367569e+01 5.281815e+01 7.599894e+01 1.810654e+02 1.933337e+02 2.292165e+02 1.080536e+02 3.122583e+02 4.550747e+01 
1.049707e+02 1.457312e+02 5.047330e+01 1.054664e+02 5.140765e+01 1.663879e+02 5.213657e+01 1.922697e+02 6.901980e+01 1.331269e+02 1.948184e+02 1.619950e+02 1.173677e+02 3.602546e+01 9.676832e+01 1.455424e+02 1.396041e+02 1.054515e+02 2.355401e+02 7.698485e+01 1.890735e+02 9.367569e+01 5.213388e+01 7.599894e+01 1.487206e+02 1.916835e+02 1.586669e+02 1.080536e+02 1.368009e+02 4.257299e+01 
7.632148e+01 1.366253e+02 4.657610e+01 7.969023e+01 4.744338e+01 1.003365e+02 3.767540e+01 5.522109e+01 6.901980e+01 5.913985e+01 1.026061e+02 1.600960e+02 6.295881e+01 3.602546e+01 9.001479e+01 5.140856e+01 5.681193e+01 7.912070e+01 1.041225e+02 5.300650e+01 5.631173e+01 8.698928e+01 4.261953e+01 4.350453e+01 7.314848e+01 6.508068e+01 1.324615e+02 6.428381e+01 7.796675e+01 4.119432e+01 
5.061623e+01 4.848533e+01 4.414043e+01 7.024550e+01 3.277596e+01 4.585872e+01 3.638437e+01 4.216330e+01 5.931325e+01 5.166233e+01 7.665070e+01 6.483133e+01 4.615672e+01 3.576419e+01 3.860015e+01 4.421816e+01 5.396630e+01 5.952912e+01 3.437503e+01 3.504401e+01 4.644736e+01 5.310525e+01 2.784151e+01 4.212872e+01 4.378425e+01 4.538561e+01 7.301095e+01 4.691281e+01 5.355645e+01 4.062109e+01 
3.430883e+01 3.411124e+01 3.888551e+01 3.611736e+01 3.184868e+01 3.812525e+01 3.301245e+01 3.787569e+01 3.531543e+01 3.224922e+01 3.165299e+01 3.457958e+01 3.177029e+01 3.196335e+01 3.463634e+01 3.684444e+01 3.083442e+01 3.117450e+01 3.079911e+01 2.958735e+01 3.479157e+01 4.887022e+01 2.784151e+01 3.548767e+01 2.565632e+01 4.486122e+01 4.066833e+01 3.707481e+01 3.388683e+01 3.492618e+01 
2.896788e+01 2.817059e+01 2.910390e+01 3.327625e+01 2.784640e+01 2.846535e+01 3.025548e+01 3.149661e+01 2.894221e+01 3.176001e+01 3.110732e+01 2.666884e+01 2.856563e+01 2.971009e+01 2.921297e+01 3.101532e+01 2.961649e+01 2.828195e+01 2.799325e+01 2.828990e+01 2.611094e+01 2.664315e+01 2.757089e+01 2.780623e+01 2.325282e+01 2.594308e+01 3.161911e+01 2.633575e+01 2.983926e+01 2.645360e+01 
2.383955e+01 2.601142e+01 2.565792e+01 2.833037e+01 2.448402e+01 2.651689e+01 2.555175e+01 2.454897e+01 2.568622e+01 2.680669e+01 2.720998e+01 2.611261e+01 2.497219e+01 2.522966e+01 2.721346e+01 2.726570e+01 2.693579e+01 2.550664e+01 2.390390e+01 2.689733e+01 2.367678e+01 2.498187e+01 2.471920e+01 2.553939e+01 2.325282e+01 2.594308e+01 2.229995e+01 2.368219e+01 2.462286e+01 2.239124e+01 
2.339270e+01 8.731515e+00 2.397453e+01 2.336948e+01 2.238358e+01 2.427852e+01 2.494820e+01 2.081201e+01 2.448651e+01 2.546241e+01 2.310709e+01 2.395694e+01 2.341069e+01 2.357982e+01 1.706813e+01 2.434730e+01 2.468655e+01 2.392718e+01 2.173708e+01 2.419783e+01 2.310759e+01 1.960931e+01 2.395100e+01 2.253608e+01 2.297418e+01 2.410352e+01 1.995056e+01 2.356079e+01 2.393311e+01 1.408739e+01 
1.751917e+01 8.670534e+00 2.090119e+01 2.336948e+01 2.127924e+01 2.274155e+01 2.287276e+01 1.601725e+01 2.011531e+01 2.432904e+01 2.287359e+01 1.640291e+01 2.268623e+01 2.305012e+01 1.697278e+01 2.178758e+01 2.270804e+01 2.276154e+01 2.085751e+01 2.198027e+01 2.253724e+01 1.251569e+01 2.194627e+01 2.200386e+01 2.264444e+01 2.141540e+01 1.836786e+01 2.093372e+01 2.237252e+01 1.258099e+01 
1.665505e+01 7.823138e+00 1.765904e+01 2.172818e+01 2.073661e+01 2.195873e+01 1.294185e+01 1.469350e+01 1.526221e+01 2.187629e+01 2.082696e+01 1.177161e+01 1.238646e+01 2.214307e+01 1.589933e+01 2.049024e+01 2.216184e+01 2.138925e+01 1.818172e+01 1.564251e+01 2.096178e+01 1.172576e+01 2.095651e+01 1.816380e+01 1.651805e+01 2.105881e+01 1.615447e+01 1.994841e+01 2.040826e+01 1.101908e+01 
1.607601e+01 6.360266e+00 1.696694e+01 2.067155e+01 1.876509e+01 2.082363e+01 1.005951e+01 1.155698e+01 1.495202e+01 2.121233e+01 2.036363e+01 6.263787e+00 7.014025e+00 1.743868e+01 6.740609e+00 1.488389e+01 1.653716e+01 2.107905e+01 1.736578e+01 1.525224e+01 1.902212e+01 1.128122e+01 1.886712e+01 1.654589e+01 1.630453e+01 2.074157e+01 1.606773e+01 1.816559e+01 1.867071e+01 9.127176e+00 
1.321433e+01 4.606855e+00 1.555659e+01 3.531504e+00 1.791297e+01 2.034747e+01 1.002939e+01 6.588393e+00 6.943301e+00 2.087356e+01 6.755400e+00 4.536134e+00 2.332810e+00 1.491950e+01 5.686697e+00 1.435359e+01 7.620938e+00 2.043589e+01 1.617446e+01 1.339452e+01 1.134561e+01 6.557415e+00 1.655944e+01 8.291675e+00 1.526049e+01 1.917507e+01 1.309044e+01 1.404212e+01 1.674064e+01 8.499455e+00 
9.121635e+00 2.469891e+00 1.091624e+01 5.922158e-01 1.298574e+01 5.232047e+00 1.902324e+00 1.840370e+00 2.892261e+00 1.150074e+01 6.731723e+00 2.059559e+00 1.329725e+00 4.715528e+00 3.814983e+00 4.148658e+00 4.079587e+00 8.734676e+00 3.931447e+00 7.730935e+00 6.345151e+00 3.181681e+00 1.391003e+01 6.514161e+00 1.302161e+01 4.352356e+00 7.181708e+00 4.273719e+00 1.664167e+01 4.920899e+00 
6.607367e-01 1.416674e-02 1.763444e-03 3.806750e-05 6.118362e-02 1.793482e-02 6.445387e-01 1.458498e-03 6.609961e-01 6.866130e-02 1.763642e-01 2.081905e-02 6.245265e-01 1.523982e-06 1.662798e-05 6.250414e-01 4.452840e-03 6.389320e-01 9.929875e-03 6.245954e-01 4.420835e-02 5.989490e-04 1.389787e-02 5.236094e-02 6.248051e-01 8.547509e-03 2.551096e-02 9.318200e-04 4.384865e-02 7.762167e-04 
2.000000e+05 2.000000e+05 2.000000e+05 2.000000e+05 2.000000e+05 2.000000e+05 2.000000e+05 2.000000e+05 2.000000e+05 2.000000e+05 2.000000e+05 2.000000e+05 2.000000e+05 2.000000e+05 2.000000e+05 2.000000e+05 2.000000e+05 2.000000e+05 2.000000e+05 2.000000e+05 2.000000e+05 2.000000e+05 2.000000e+05 2.000000e+05 2.000000e+05 2.000000e+05 2.000000e+05 2.000000e+05 2.000000e+05 2.000000e+05 
