1.011003e+04 1.097248e+04 1.000590e+04 9.062328e+03 7.261203e+03 8.456003e+03 1.255048e+04 1.081758e+04 9.394095e+03 7.696086e+03 8.647547e+03 8.995164e+03 5.607109e+03 1.054551e+04 8.515723e+03 7.551844e+03 1.146859e+04 1.199548e+04 1.122228e+04 8.077192e+03 9.558896e+03 9.913064e+03 9.749061e+03 8.707774e+03 1.092699e+04 1.056732e+04 9.104872e+03 9.794111e+03 9.623553e+03 8.476808e+03 
1.011003e+04 1.097248e+04 8.050725e+03 9.062328e+03 7.261203e+03 8.405426e+03 1.168699e+04 8.639229e+03 8.717373e+03 5.826114e+03 8.647547e+03 8.016527e+03 5.106539e+03 1.054551e+04 7.260621e+03 7.551844e+03 1.090414e+04 1.162170e+04 1.122228e+04 8.077192e+03 9.558896e+03 9.706129e+03 9.719466e+03 8.224457e+03 1.027984e+04 1.024335e+04 8.654661e+03 9.794111e+03 8.734093e+03 8.476808e+03 
1.011003e+04 1.019885e+04 7.882901e+03 9.062328e+03 6.709395e+03 7.100718e+03 1.003295e+04 8.639229e+03 7.873725e+03 5.736726e+03 8.647547e+03 7.865154e+03 5.036694e+03 1.054551e+04 7.260621e+03 7.489700e+03 1.054017e+04 1.148724e+04 8.193691e+03 7.034376e+03 9.462738e+03 9.388107e+03 8.148946e+03 7.768324e+03 1.027984e+04 9.955940e+03 8.576332e+03 9.462998e+03 8.734093e+03 8.311438e+03 
6.885772e+03 9.463854e+03 7.882901e+03 8.627097e+03 6.472669e+03 7.100718e+03 5.891761e+03 7.736666e+03 6.695660e+03 4.845246e+03 7.732080e+03 7.042436e+03 5.036694e+03 1.053372e+04 7.175994e+03 7.402325e+03 1.038858e+04 1.084193e+04 8.189339e+03 6.723595e+03 8.112213e+03 8.836679e+03 7.063159e+03 7.104419e+03 1.027984e+04 9.254091e+03 8.437846e+03 8.995815e+03 8.667640e+03 8.158917e+03 
6.879396e+03 7.388088e+03 7.708125e+03 7.269295e+03 6.404031e+03 5.646069e+03 5.841583e+03 7.339747e+03 4.823130e+03 4.659263e+03 7.566739e+03 6.493114e+03 4.911650e+03 9.890964e+03 6.198158e+03 7.211585e+03 8.754788e+03 7.842619e+03 5.135833e+03 6.723595e+03 7.615408e+03 8.300080e+03 6.867933e+03 6.187043e+03 8.166788e+03 5.375503e+03 7.983205e+03 6.307901e+03 5.942904e+03 7.687169e+03 
4.588842e+03 5.328720e+03 5.643459e+03 4.992804e+03 5.534812e+03 5.596880e+03 3.919251e+03 5.198367e+03 3.740660e+03 4.221282e+03 4.823652e+03 5.587168e+03 4.295036e+03 6.154785e+03 5.062428e+03 5.326404e+03 5.739221e+03 6.454100e+03 3.760013e+03 5.007259e+03 6.354611e+03 6.264055e+03 5.754206e+03 3.699667e+03 6.800202e+03 4.053425e+03 5.736276e+03 4.552890e+03 4.258305e+03 5.541434e+03 
3.093153e+03 3.238295e+03 4.061060e+03 2.561077e+03 3.474787e+03 2.964719e+03 3.748757e+03 2.660468e+03 2.772420e+03 2.647486e+03 3.146256e+03 3.583307e+03 1.451185e+03 3.721296e+03 3.567703e+03 3.956669e+03 4.248188e+03 3.392614e+03 3.464440e+03 4.298129e+03 3.993512e+03 4.207730e+03 3.834599e+03 2.679132e+03 3.367845e+03 2.137911e+03 2.756800e+03 2.785212e+03 2.852167e+03 3.852806e+03 
1.625797e+03 1.879848e+03 2.153118e+03 1.628188e+03 1.760863e+03 1.783809e+03 1.824613e+03 1.383541e+03 1.682901e+03 1.949814e+03 2.360380e+03 2.113610e+03 1.127525e+03 1.868486e+03 1.759355e+03 2.085519e+03 2.116406e+03 1.943969e+03 1.832292e+03 2.400625e+03 1.514173e+03 2.124475e+03 2.014610e+03 1.252484e+03 1.741372e+03 1.980482e+03 1.902796e+03 1.862256e+03 1.541307e+03 1.577247e+03 
1.268357e+03 1.029487e+03 9.568836e+02 1.105177e+03 1.100395e+03 9.559708e+02 9.828171e+02 1.004181e+03 1.071351e+03 1.188927e+03 1.209403e+03 1.281352e+03 8.622798e+02 1.240667e+03 1.265625e+03 1.144037e+03 1.128733e+03 9.596807e+02 1.209469e+03 1.176547e+03 1.071580e+03 1.108013e+03 1.342713e+03 1.046424e+03 1.049155e+03 1.209037e+03 1.361241e+03 1.074673e+03 1.199144e+03 1.023602e+03 
6.100398e+02 8.477580e+02 6.923113e+02 8.096043e+02 7.792411e+02 6.669193e+02 7.644467e+02 7.767292e+02 7.167921e+02 7.788518e+02 8.248260e+02 7.828350e+02 7.072898e+02 8.184928e+02 7.410986e+02 8.704358e+02 7.526775e+02 7.300769e+02 8.950844e+02 7.464733e+02 8.165699e+02 7.965256e+02 8.004973e+02 7.432827e+02 6.099174e+02 7.966393e+02 7.265004e+02 7.249607e+02 7.443398e+02 7.503140e+02 
3.323231e+02 4.137641e+02 4.658477e+02 4.433378e+02 5.081844e+02 4.507236e+02 3.999162e+02 6.384353e+02 3.966691e+02 3.463915e+02 4.128725e+02 4.678817e+02 3.953926e+02 4.160778e+02 4.323064e+02 4.354566e+02 4.943923e+02 3.931495e+02 4.519604e+02 3.993506e+02 4.541800e+02 4.345551e+02 3.828492e+02 3.480380e+02 3.555616e+02 4.268780e+02 3.581719e+02 3.366999e+02 4.105697e+02 4.371967e+02 
3.000900e+02 3.345489e+01 3.023112e+02 1.235970e+02 3.060789e+02 1.564097e+02 7.718973e+01 3.015048e+02 3.828969e+01 3.004199e+02 3.041776e+02 2.282900e+02 1.565223e+02 1.921038e+02 3.037583e+02 3.030614e+02 1.379140e+02 3.011793e+02 7.365791e+01 4.190895e+01 9.711328e+01 3.027869e+02 2.915801e+02 3.629939e+01 3.006498e+02 5.747651e+01 3.007159e+02 5.349377e+01 5.172688e+01 1.202903e+02 
3.000000e+02 1.357723e-01 5.585646e+01 1.851214e+00 8.268929e+01 1.059132e+01 1.976931e+00 2.212519e+02 1.360533e+00 1.693983e+02 1.754205e+02 2.917890e+01 2.104212e+00 4.833562e+01 1.864534e+01 8.675988e+01 3.240722e+01 3.000000e+02 6.062171e-01 8.639400e-02 2.038786e+00 7.172295e+01 9.118365e+01 2.687784e-01 1.932154e+02 2.289635e+00 3.000000e+02 1.094865e+00 1.181246e+00 4.292220e+00 
3.000000e+02 7.954200e-07 1.190695e+00 1.205201e-04 1.078612e+01 2.031910e-03 3.493985e-02 5.813434e+01 3.279101e-03 7.080281e+01 7.675076e+01 1.736049e+01 3.946183e-05 4.113712e+01 4.621234e+00 3.636874e+01 1.724614e+01 3.000000e+02 2.368355e-03 5.041957e-05 8.951448e-06 3.671111e+01 1.869533e+01 7.266548e-05 7.726330e+01 1.160069e-02 3.000000e+02 1.039380e-03 3.489894e-03 2.800606e-02 
3.000000e+02 1.000000e-08 1.000000e-08 1.000000e-08 1.000000e-08 1.000000e-08 1.000000e-08 1.000000e-08 1.000000e-08 1.919102e-05 1.000000e-08 1.489439e-07 1.000000e-08 1.000000e-08 1.000000e-08 1.000000e-08 1.581152e-07 3.000000e+02 1.000000e-08 1.000000e-08 1.000000e-08 1.000000e-08 1.000000e-08 1.000000e-08 1.000000e-08 1.000000e-08 3.000000e+02 1.000000e-08 1.000000e-08 1.000000e-08 
3.000000e+02 1.000000e-08 1.000000e-08 1.000000e-08 1.000000e-08 1.000000e-08 1.000000e-08 1.000000e-08 1.000000e-08 1.000000e-08 1.000000e-08 1.000000e-08 1.000000e-08 1.000000e-08 1.000000e-08 1.000000e-08 1.000000e-08 3.000000e+02 1.000000e-08 1.000000e-08 1.000000e-08 1.000000e-08 1.000000e-08 1.000000e-08 1.000000e-08 1.000000e-08 3.000000e+02 1.000000e-08 1.000000e-08 1.000000e-08 
1.000000e+06 3.436470e+05 5.329900e+05 4.319190e+05 5.378310e+05 4.329700e+05 5.038680e+05 5.409960e+05 4.758470e+05 5.591970e+05 5.400360e+05 5.525780e+05 3.820310e+05 5.440620e+05 5.353520e+05 5.429670e+05 5.532400e+05 1.000000e+06 4.631690e+05 4.256060e+05 3.613850e+05 5.449790e+05 5.430510e+05 4.273170e+05 5.383050e+05 4.894140e+05 1.000000e+06 4.655960e+05 4.720860e+05 5.315920e+05 
