1.185467e+02 1.121571e+02 1.079371e+02 1.091431e+02 1.035282e+02 1.152502e+02 1.098145e+02 1.167813e+02 1.073008e+02 9.695035e+01 1.089154e+02 1.059072e+02 1.132184e+02 9.682175e+01 8.590675e+01 1.254273e+02 1.013769e+02 1.086560e+02 1.112595e+02 9.137224e+01 1.151112e+02 1.119921e+02 1.174440e+02 1.211925e+02 1.044607e+02 1.033113e+02 1.236906e+02 1.000280e+02 8.444572e+01 1.172634e+02 
1.185467e+02 1.113524e+02 9.398818e+01 1.091431e+02 9.810184e+01 8.664908e+01 8.340884e+01 8.695489e+01 8.551967e+01 9.517741e+01 1.089154e+02 7.330462e+01 9.498186e+01 7.123455e+01 8.590675e+01 1.039943e+02 5.829181e+01 1.086560e+02 1.112595e+02 9.137224e+01 1.125820e+02 1.018463e+02 1.114742e+02 1.092912e+02 9.335102e+01 1.033113e+02 1.037090e+02 1.000280e+02 8.444572e+01 1.172634e+02 
1.185467e+02 8.846009e+01 9.330879e+01 1.002791e+02 9.810184e+01 8.664908e+01 8.340884e+01 8.456045e+01 8.551967e+01 9.517741e+01 1.026714e+02 7.330462e+01 9.277306e+01 7.123455e+01 8.590675e+01 1.039943e+02 5.829181e+01 9.139905e+01 9.895958e+01 9.137224e+01 1.125820e+02 9.162643e+01 7.532927e+01 9.695932e+01 9.335102e+01 1.033113e+02 1.037090e+02 7.191673e+01 8.444572e+01 1.035922e+02 
9.491970e+01 7.592475e+01 8.353505e+01 8.332127e+01 9.810184e+01 8.664908e+01 8.340884e+01 6.967749e+01 8.136106e+01 9.517741e+01 8.250210e+01 7.330462e+01 7.553519e+01 7.123455e+01 8.590675e+01 9.305879e+01 5.829181e+01 8.882906e+01 9.895958e+01 9.137224e+01 1.044422e+02 9.162643e+01 7.532927e+01 9.695932e+01 9.213138e+01 1.025015e+02 1.037090e+02 7.191673e+01 8.444572e+01 1.035922e+02 
9.491970e+01 7.592475e+01 8.353505e+01 7.321382e+01 9.142850e+01 8.596618e+01 7.551624e+01 6.967749e+01 8.136106e+01 8.280646e+01 8.250210e+01 7.330462e+01 7.168624e+01 7.123455e+01 8.142474e+01 8.805776e+01 5.829181e+01 8.882906e+01 9.205971e+01 7.829438e+01 9.238877e+01 9.143137e+01 7.532927e+01 9.695932e+01 8.994410e+01 9.479436e+01 1.036145e+02 7.191673e+01 8.241497e+01 8.927378e+01 
9.361079e+01 7.592475e+01 7.182417e+01 7.133329e+01 8.877517e+01 8.596618e+01 7.358508e+01 6.457806e+01 7.440115e+01 7.548344e+01 8.250210e+01 7.330462e+01 7.168624e+01 6.216808e+01 6.915900e+01 8.332436e+01 5.829181e+01 7.154714e+01 8.950874e+01 7.829438e+01 9.238877e+01 8.536585e+01 7.532927e+01 8.793357e+01 7.701585e+01 9.120175e+01 8.117968e+01 7.191673e+01 8.067060e+01 8.927378e+01 
8.197186e+01 7.447074e+01 6.593818e+01 7.133329e+01 7.740746e+01 6.750705e+01 7.358508e+01 6.019863e+01 7.440115e+01 7.548344e+01 7.620776e+01 6.982132e+01 6.986536e+01 5.091419e+01 6.915900e+01 6.654691e+01 5.241732e+01 6.873210e+01 8.000545e+01 7.241553e+01 7.122456e+01 7.774137e+01 7.388951e+01 7.043627e+01 7.608368e+01 6.126077e+01 8.117968e+01 7.191673e+01 7.466181e+01 8.201792e+01 
6.680675e+01 7.239781e+01 5.276132e+01 6.926446e+01 6.588774e+01 6.376513e+01 6.840482e+01 3.684002e+01 5.639113e+01 7.343899e+01 5.498008e+01 5.662070e+01 5.972619e+01 4.177206e+01 6.251220e+01 6.097547e+01 5.241732e+01 5.417641e+01 6.952485e+01 5.816557e+01 6.447021e+01 6.789146e+01 7.388951e+01 6.706085e+01 5.879902e+01 5.865565e+01 5.899772e+01 7.142037e+01 7.123134e+01 6.743745e+01 
5.302830e+01 5.163732e+01 4.897583e+01 5.813625e+01 4.699196e+01 6.198265e+01 4.942422e+01 3.672745e+01 4.998113e+01 5.035646e+01 4.657384e+01 5.041726e+01 5.381726e+01 4.177206e+01 5.936783e+01 5.913733e+01 5.241732e+01 3.426984e+01 4.227711e+01 5.150348e+01 5.949570e+01 5.149287e+01 5.596412e+01 4.900731e+01 5.396522e+01 5.027885e+01 5.899772e+01 5.543363e+01 5.622910e+01 5.932110e+01 
4.482159e+01 5.160995e+01 3.860146e+01 4.730158e+01 3.714427e+01 3.250510e+01 4.367691e+01 3.113655e+01 4.100075e+01 4.670907e+01 3.067978e+01 3.262389e+01 4.651280e+01 3.517445e+01 4.488492e+01 5.229521e+01 4.696418e+01 2.603334e+01 4.136635e+01 3.333418e+01 3.196855e+01 3.598723e+01 4.124472e+01 3.508790e+01 2.807144e+01 4.562936e+01 3.798059e+01 4.668543e+01 4.438651e+01 4.902300e+01 
3.125114e+01 3.594170e+01 2.431605e+01 3.188029e+01 2.492230e+01 2.952272e+01 3.239776e+01 2.054610e+01 3.528348e+01 2.805323e+01 2.524306e+01 2.439942e+01 2.506788e+01 2.645255e+01 2.453761e+01 3.139805e+01 2.820995e+01 2.435235e+01 2.267650e+01 2.999266e+01 2.618044e+01 3.092150e+01 3.534973e+01 2.326522e+01 2.401063e+01 2.385984e+01 3.674972e+01 2.863201e+01 3.150988e+01 3.279816e+01 
1.503210e+01 2.216494e+01 1.773990e+01 1.943621e+01 2.116682e+01 2.166372e+01 2.427389e+01 1.379483e+01 2.606937e+01 1.754172e+01 1.524724e+01 1.356321e+01 1.658452e+01 1.962632e+01 1.765528e+01 2.078409e+01 1.412638e+01 1.291904e+01 1.786844e+01 2.374142e+01 2.171053e+01 1.790406e+01 2.178757e+01 2.158304e+01 2.173166e+01 2.062948e+01 1.573851e+01 2.079479e+01 2.626548e+01 1.993697e+01 
9.987721e+00 1.838338e+01 1.429828e+01 1.526406e+01 1.981269e+01 1.893076e+01 1.975375e+01 1.227599e+01 1.537140e+01 1.519260e+01 1.111988e+01 1.150520e+01 1.309949e+01 1.809434e+01 1.612812e+01 1.469106e+01 1.228524e+01 1.201673e+01 1.723782e+01 1.316112e+01 1.942258e+01 1.561767e+01 1.463138e+01 1.996181e+01 1.846011e+01 1.956314e+01 1.254454e+01 1.752087e+01 2.042860e+01 1.525256e+01 
9.959768e+00 1.792422e+01 1.103993e+01 1.494993e+01 1.892949e+01 1.793347e+01 1.890678e+01 1.197790e+01 1.503406e+01 1.499892e+01 1.096393e+01 1.095872e+01 1.297068e+01 1.792597e+01 1.594211e+01 1.404087e+01 1.199251e+01 1.200475e+01 1.694690e+01 1.300038e+01 1.897194e+01 1.296311e+01 1.396376e+01 1.990829e+01 1.798776e+01 1.893660e+01 1.197907e+01 1.704158e+01 1.906942e+01 1.493811e+01 
9.348620e+00 8.239778e+00 9.573312e+00 5.267812e+00 6.610517e+00 1.160754e+01 4.548610e+00 5.462182e+00 1.072225e+01 7.548010e+00 8.835182e+00 7.994202e+00 1.231912e+01 8.511256e+00 9.755456e+00 6.699998e+00 6.718157e+00 5.165996e+00 1.034091e+01 1.145180e+01 1.086562e+01 9.575932e+00 6.395977e+00 9.198703e+00 5.236997e+00 5.144736e+00 9.416318e+00 8.768349e+00 8.986515e+00 6.338392e+00 
4.989187e+00 5.969749e+00 2.984877e+00 2.984877e+00 3.979836e+00 5.969754e+00 1.989918e+00 2.984877e+00 4.974795e+00 4.974795e+00 4.980597e+00 2.984877e+00 5.969754e+00 4.974795e+00 3.979836e+00 5.969754e+00 4.974795e+00 4.974790e+00 5.969754e+00 3.979836e+00 6.964713e+00 4.974795e+00 4.974795e+00 2.984877e+00 4.974795e+00 4.381219e+00 7.959667e+00 2.984877e+00 5.969754e+00 4.974795e+00 
2.000000e+05 2.000000e+05 2.000000e+05 2.000000e+05 2.000000e+05 2.000000e+05 2.000000e+05 2.000000e+05 2.000000e+05 2.000000e+05 2.000000e+05 2.000000e+05 2.000000e+05 2.000000e+05 2.000000e+05 2.000000e+05 2.000000e+05 2.000000e+05 2.000000e+05 2.000000e+05 2.000000e+05 2.000000e+05 2.000000e+05 2.000000e+05 2.000000e+05 2.000000e+05 2.000000e+05 2.000000e+05 2.000000e+05 2.000000e+05 
