9.263758e+03 6.228343e+03 6.866623e+03 9.094905e+03 1.066137e+04 3.958950e+03 6.871594e+03 8.488595e+03 9.719267e+03 8.457107e+03 6.689886e+03 4.314775e+03 6.148703e+03 6.419569e+03 3.247959e+03 5.802834e+03 2.720837e+03 5.775543e+03 6.877077e+03 7.097935e+03 5.902733e+03 7.334561e+03 4.318675e+03 6.978369e+03 3.881202e+03 7.699275e+03 5.920441e+03 9.317140e+03 7.477414e+03 4.328236e+03 
6.240082e+03 5.406160e+03 5.440214e+03 9.053433e+03 9.159781e+03 3.401515e+03 6.871594e+03 8.477959e+03 8.402422e+03 8.440041e+03 6.689886e+03 4.282604e+03 6.148703e+03 5.662886e+03 3.247959e+03 5.586362e+03 2.335449e+03 5.572445e+03 6.853390e+03 6.938052e+03 5.902733e+03 7.334561e+03 4.318675e+03 6.529705e+03 3.881202e+03 6.516782e+03 5.868754e+03 8.375437e+03 7.477414e+03 4.241295e+03 
6.222784e+03 5.149740e+03 5.273399e+03 8.054953e+03 7.766758e+03 3.385213e+03 5.766806e+03 7.925660e+03 7.843873e+03 8.091598e+03 6.689886e+03 4.162698e+03 4.707876e+03 5.328808e+03 3.247959e+03 5.586362e+03 2.116622e+03 5.524295e+03 5.730602e+03 4.146375e+03 5.902733e+03 5.848179e+03 4.248513e+03 6.529705e+03 3.545821e+03 4.104466e+03 5.864435e+03 7.372352e+03 6.054359e+03 2.992401e+03 
6.206015e+03 5.149740e+03 5.040667e+03 8.054953e+03 5.474039e+03 3.077682e+03 5.077706e+03 7.546213e+03 5.138235e+03 5.245772e+03 6.689886e+03 3.913081e+03 4.256881e+03 5.328808e+03 2.914706e+03 4.762367e+03 1.769125e+03 4.752092e+03 4.060057e+03 3.388634e+03 5.902733e+03 5.848179e+03 3.326316e+03 6.421191e+03 2.884274e+03 4.104466e+03 4.197326e+03 6.046919e+03 3.150645e+03 2.992401e+03 
3.555825e+03 2.054928e+03 3.507960e+03 6.458239e+03 3.983341e+03 2.880046e+03 3.697502e+03 4.782360e+03 3.332386e+03 4.215321e+03 5.202235e+03 3.286905e+03 2.574402e+03 3.678424e+03 2.536341e+03 3.837537e+03 1.671326e+03 3.557995e+03 3.818536e+03 2.902656e+03 4.465568e+03 3.241142e+03 1.897478e+03 3.353647e+03 2.775670e+03 3.630671e+03 3.816633e+03 5.696181e+03 3.150645e+03 2.273241e+03 
3.415744e+03 2.045472e+03 2.042937e+03 1.755279e+03 2.407656e+03 2.258260e+03 2.285853e+03 1.851246e+03 2.269060e+03 2.781658e+03 3.713208e+03 2.484668e+03 2.440432e+03 2.375232e+03 1.243139e+03 1.485997e+03 1.063735e+03 1.045925e+03 1.800955e+03 2.832856e+03 2.624297e+03 1.655161e+03 1.166203e+03 2.440118e+03 1.406976e+03 2.768161e+03 2.045975e+03 1.315167e+03 2.031391e+03 8.369626e+02 
8.703226e+02 9.802609e+02 6.740348e+02 1.287318e+03 1.567556e+03 1.155720e+03 5.616060e+02 6.722018e+02 6.493473e+02 1.276097e+03 1.272637e+03 8.710536e+02 1.120901e+03 8.673681e+02 4.251893e+02 6.252920e+02 7.039484e+02 8.496368e+02 5.841301e+02 9.847799e+02 1.235712e+03 1.251863e+03 9.206913e+02 8.219456e+02 1.018666e+03 9.960165e+02 6.376206e+02 7.595072e+02 8.394994e+02 5.412529e+02 
4.393803e+02 2.960442e+02 3.615526e+02 5.266050e+02 4.379340e+02 2.087420e+02 3.787146e+02 3.426414e+02 3.411543e+02 2.422031e+02 4.207800e+02 3.536934e+02 3.528992e+02 3.889677e+02 2.385666e+02 2.618858e+02 4.516247e+02 3.738941e+02 3.612481e+02 4.176805e+02 4.575089e+02 3.669508e+02 3.362338e+02 3.309974e+02 3.482825e+02 3.681154e+02 4.249365e+02 4.973516e+02 3.482301e+02 3.390825e+02 
1.806788e+02 1.355876e+02 1.570448e+02 1.604002e+02 1.493995e+02 1.237036e+02 1.447636e+02 1.540334e+02 1.272444e+02 1.318052e+02 1.533797e+02 1.618771e+02 1.677900e+02 1.373286e+02 1.365079e+02 1.129559e+02 1.438631e+02 1.199651e+02 1.363052e+02 1.470942e+02 1.888069e+02 1.441945e+02 1.224964e+02 1.490516e+02 1.218708e+02 1.704108e+02 1.237072e+02 1.627570e+02 1.389636e+02 1.689117e+02 
8.707298e+01 7.379576e+01 7.026255e+01 7.990299e+01 7.549170e+01 6.864529e+01 5.921166e+01 7.586982e+01 6.833084e+01 7.879959e+01 8.170688e+01 7.160858e+01 9.530355e+01 9.083526e+01 7.208433e+01 6.485667e+01 6.368776e+01 7.447019e+01 6.716337e+01 7.762110e+01 7.671998e+01 8.271363e+01 7.008648e+01 8.209183e+01 8.328783e+01 7.321682e+01 6.504862e+01 8.014540e+01 5.685556e+01 8.486766e+01 
5.079789e+01 5.046338e+01 5.382160e+01 5.631192e+01 4.750154e+01 5.301525e+01 5.158791e+01 5.118561e+01 5.398840e+01 5.123536e+01 5.161414e+01 5.187063e+01 5.125497e+01 5.300617e+01 4.350426e+01 5.123532e+01 5.039762e+01 5.312679e+01 3.027397e+01 5.420366e+01 5.404384e+01 5.012289e+01 4.746246e+01 5.357904e+01 5.489899e+01 4.411990e+01 4.065018e+01 5.077015e+01 5.147971e+01 5.321284e+01 
4.602986e+01 4.297329e+01 4.321347e+01 3.090037e+01 3.214559e+01 2.282343e+01 4.185707e+01 2.490998e+01 4.588271e+01 2.471339e+01 3.857521e+01 3.481220e+01 3.395253e+01 4.550180e+01 1.738758e+01 4.062685e+01 3.745711e+01 4.595180e+01 8.450341e+00 3.550935e+01 4.781355e+01 3.668596e+01 2.980672e+01 4.552475e+01 3.546702e+01 1.711511e+01 3.042696e+01 4.198642e+01 3.552265e+01 4.703812e+01 
1.719527e+01 1.489130e+01 3.205416e+01 2.677250e+01 2.294555e+01 1.609012e+01 3.028152e+01 8.914452e+00 1.215543e+01 3.168053e+00 3.531454e+01 6.963119e+00 1.747085e+01 2.126038e+01 7.539745e+00 3.241117e+01 6.596271e+00 2.371412e+01 6.705630e+00 2.170983e+01 2.743158e+01 1.304524e+01 7.779002e+00 1.142598e+01 1.749473e+01 8.046083e+00 1.181908e+01 9.458601e+00 9.271997e+00 3.897648e+01 
2.366416e+00 3.594065e+00 8.834772e+00 2.419443e+01 7.269619e+00 5.095587e+00 7.196241e+00 4.636664e+00 7.036200e+00 6.211560e-01 7.215646e+00 8.736451e-01 1.133711e+01 9.619127e+00 3.037937e+00 2.853272e+01 2.014828e+00 3.238652e+00 6.193706e+00 1.289770e+01 1.003714e+01 6.779001e+00 5.796404e+00 7.630606e+00 7.317869e+00 6.812974e+00 7.164417e+00 6.773769e+00 6.725621e+00 3.294413e+01 
3.063543e-03 6.217759e-02 1.982662e+00 6.743835e-01 2.437592e+00 5.144861e-01 3.737599e-01 1.428463e-01 1.049199e-03 4.677266e-03 5.372891e-04 8.458915e-04 4.030260e+00 6.367966e-01 6.467637e-02 6.412427e+00 3.411815e-02 2.552447e-02 7.846576e-01 1.636751e+00 1.514109e+00 4.030260e+00 4.037236e+00 2.515725e+00 9.512203e-01 1.370213e+00 5.713233e+00 9.792246e-01 5.444491e+00 1.998251e-04 
1.000000e-08 1.000000e-08 1.000000e-08 1.000000e-08 1.000000e-08 1.000000e-08 1.000000e-08 1.000000e-08 1.000000e-08 1.000000e-08 1.000000e-08 1.000000e-08 4.030260e+00 1.000000e-08 1.000000e-08 1.000000e-08 1.000000e-08 1.000000e-08 1.000000e-08 1.000000e-08 1.000000e-08 4.030260e+00 4.030260e+00 1.000000e-08 1.000000e-08 1.000000e-08 1.000000e-08 1.000000e-08 1.000000e-08 1.000000e-08 
5.903100e+05 6.010900e+05 6.351310e+05 6.250570e+05 6.377070e+05 6.276650e+05 6.143780e+05 6.172780e+05 5.887140e+05 5.928400e+05 5.830470e+05 5.865210e+05 1.000000e+06 6.246590e+05 6.072180e+05 6.585020e+05 6.015280e+05 5.995510e+05 6.231440e+05 6.336470e+05 6.327920e+05 1.000000e+06 1.000000e+06 6.390300e+05 6.243790e+05 6.348970e+05 6.581450e+05 6.296950e+05 6.585530e+05 5.774440e+05 
