8.641923e+02 7.991181e+02 6.263967e+02 6.018159e+02 6.762997e+02 5.750564e+02 6.680321e+02 4.600708e+02 6.154709e+02 5.639927e+02 3.657724e+02 6.570272e+02 6.107759e+02 6.397005e+02 6.346045e+02 8.073393e+02 9.266450e+02 5.717797e+02 5.916546e+02 6.436335e+02 4.861254e+02 4.178497e+02 6.041824e+02 5.028122e+02 5.587625e+02 8.272524e+02 5.243987e+02 5.159273e+02 6.741751e+02 5.357301e+02 
8.598864e+02 4.990623e+02 6.263967e+02 5.883529e+02 5.003615e+02 5.750564e+02 6.680321e+02 4.600708e+02 4.649128e+02 5.639927e+02 3.657724e+02 6.334794e+02 6.095206e+02 5.851618e+02 6.346045e+02 7.812694e+02 6.382027e+02 5.518272e+02 5.861724e+02 6.436335e+02 4.861254e+02 3.703517e+02 6.033596e+02 4.920105e+02 5.587625e+02 8.099219e+02 4.342534e+02 5.159273e+02 6.741751e+02 5.248531e+02 
6.817032e+02 4.929969e+02 5.657194e+02 5.647702e+02 4.771724e+02 5.750564e+02 6.306237e+02 4.600708e+02 4.256919e+02 5.584227e+02 3.657724e+02 6.178113e+02 6.095206e+02 5.823390e+02 5.266995e+02 7.153675e+02 6.382027e+02 5.430786e+02 5.782959e+02 6.436335e+02 4.678870e+02 3.703517e+02 4.690473e+02 4.918486e+02 5.587625e+02 7.328645e+02 4.187996e+02 5.079770e+02 6.649891e+02 4.491878e+02 
6.492630e+02 4.929969e+02 4.171486e+02 5.647702e+02 4.724982e+02 5.750564e+02 4.843291e+02 4.600708e+02 4.256919e+02 5.320364e+02 3.550584e+02 5.235291e+02 6.027294e+02 5.823390e+02 5.266609e+02 6.059504e+02 6.382027e+02 4.290206e+02 5.782959e+02 6.436335e+02 4.477740e+02 3.670837e+02 4.527778e+02 4.918486e+02 5.504013e+02 5.675851e+02 4.059502e+02 4.896443e+02 6.649891e+02 4.491878e+02 
4.764843e+02 4.815674e+02 4.065205e+02 5.394138e+02 4.455455e+02 5.667182e+02 4.843291e+02 4.288873e+02 4.191538e+02 5.093188e+02 3.515205e+02 4.937241e+02 4.732325e+02 4.738332e+02 5.266609e+02 4.782716e+02 4.651564e+02 4.209387e+02 5.049507e+02 4.074195e+02 4.477740e+02 3.670837e+02 4.209374e+02 4.375993e+02 3.839220e+02 5.131627e+02 4.044482e+02 4.819511e+02 4.683884e+02 4.491878e+02 
4.509656e+02 3.868660e+02 3.669071e+02 4.257532e+02 3.666790e+02 4.450140e+02 4.232841e+02 4.201395e+02 3.714509e+02 4.766848e+02 3.345489e+02 4.071254e+02 4.070185e+02 3.167856e+02 3.776238e+02 3.793866e+02 3.796536e+02 2.989186e+02 3.982098e+02 3.922261e+02 3.227151e+02 3.362098e+02 2.975965e+02 4.111306e+02 3.274181e+02 4.753214e+02 3.928678e+02 4.123827e+02 4.383660e+02 3.811867e+02 
3.061086e+02 3.235084e+02 3.596809e+02 3.215462e+02 3.396619e+02 3.340820e+02 3.913354e+02 3.060461e+02 3.323168e+02 3.343960e+02 3.105133e+02 3.179988e+02 3.207811e+02 2.891647e+02 3.564711e+02 3.335730e+02 3.244910e+02 2.659192e+02 3.363195e+02 3.703493e+02 3.175889e+02 2.917118e+02 2.975965e+02 2.926010e+02 3.249455e+02 3.336738e+02 3.479962e+02 3.285857e+02 3.564938e+02 3.614062e+02 
3.013457e+02 2.716058e+02 2.660909e+02 2.779218e+02 2.969476e+02 3.085049e+02 3.099673e+02 2.773094e+02 2.881425e+02 2.943883e+02 2.750432e+02 2.767497e+02 2.805420e+02 2.771655e+02 2.994741e+02 2.750607e+02 2.660007e+02 2.490597e+02 2.698636e+02 3.081781e+02 2.551759e+02 2.649894e+02 2.571864e+02 2.756078e+02 2.872435e+02 2.625099e+02 2.784231e+02 2.779092e+02 2.664807e+02 2.705248e+02 
2.451480e+02 2.407916e+02 2.518227e+02 2.505854e+02 2.478721e+02 2.401252e+02 2.590731e+02 2.354872e+02 2.425583e+02 2.524593e+02 2.350872e+02 2.399298e+02 2.417082e+02 2.523907e+02 2.538834e+02 2.529868e+02 2.433642e+02 2.414594e+02 2.507364e+02 2.530561e+02 2.390630e+02 2.521956e+02 2.432297e+02 2.446432e+02 2.480685e+02 2.469955e+02 2.515805e+02 2.563141e+02 2.483841e+02 2.451176e+02 
2.364334e+02 2.308754e+02 2.319496e+02 2.354195e+02 2.370939e+02 2.346317e+02 2.416569e+02 2.306092e+02 2.315124e+02 2.368482e+02 2.329148e+02 2.346235e+02 2.340523e+02 2.385168e+02 2.339933e+02 2.348882e+02 2.356463e+02 2.314181e+02 2.376139e+02 2.366009e+02 2.328438e+02 2.363529e+02 1.868033e+02 1.658534e+02 2.360251e+02 2.374017e+02 2.339190e+02 2.354373e+02 2.379479e+02 2.330828e+02 
1.603709e+02 2.298281e+02 2.298358e+02 2.303053e+02 2.321549e+02 2.308517e+02 2.371175e+02 2.303810e+02 2.301077e+02 2.346270e+02 2.311561e+02 2.302397e+02 2.299047e+02 2.304320e+02 2.316144e+02 2.300683e+02 2.319607e+02 2.297363e+02 2.316615e+02 2.325714e+02 2.317933e+02 2.317829e+02 1.459668e+02 1.139509e+02 2.330833e+02 2.342168e+02 2.318217e+02 1.496254e+02 2.334026e+02 2.294614e+02 
1.366784e+02 2.293983e+02 2.293604e+02 2.297276e+02 2.320068e+02 2.298420e+02 2.360731e+02 2.297012e+02 2.295259e+02 2.342274e+02 2.310051e+02 2.301614e+02 2.298615e+02 2.302819e+02 2.312901e+02 2.293157e+02 2.316386e+02 2.293183e+02 2.315514e+02 2.318023e+02 2.293645e+02 2.314723e+02 1.135254e+02 1.010792e+02 2.102225e+02 2.334797e+02 2.308855e+02 1.425651e+02 2.328194e+02 2.293573e+02 
1.228790e+02 2.293305e+02 2.293425e+02 2.297101e+02 2.318538e+02 2.296340e+02 2.311796e+02 2.293825e+02 2.295177e+02 2.335005e+02 2.307030e+02 2.301594e+02 2.294636e+02 2.302031e+02 2.307381e+02 2.292954e+02 2.312483e+02 2.292908e+02 2.310888e+02 2.313951e+02 2.292929e+02 2.300511e+02 6.934524e+01 7.698512e+01 1.178665e+02 2.333283e+02 2.299532e+02 1.231304e+02 2.318825e+02 2.293292e+02 
1.142353e+02 2.292881e+02 2.293420e+02 2.297100e+02 2.318504e+02 2.293866e+02 2.305758e+02 2.293001e+02 2.293897e+02 2.323640e+02 2.301461e+02 2.299143e+02 2.292968e+02 2.301961e+02 2.303723e+02 2.292943e+02 2.303128e+02 2.292907e+02 2.306823e+02 2.313456e+02 2.292922e+02 2.299792e+02 5.975109e+01 7.569291e+01 1.104881e+02 2.323756e+02 2.298062e+02 9.347502e+01 2.311823e+02 2.292932e+02 
3.900557e-06 2.292844e+02 2.292844e+02 2.292844e+02 2.292844e+02 2.292844e+02 2.292844e+02 2.292844e+02 2.292844e+02 2.292844e+02 2.292844e+02 2.292844e+02 2.292844e+02 2.292844e+02 2.292844e+02 2.292844e+02 2.292844e+02 2.292844e+02 2.292844e+02 2.292844e+02 2.292844e+02 2.292844e+02 2.380725e-07 2.028360e-07 1.492590e-07 2.292844e+02 2.292844e+02 5.737966e-07 2.292844e+02 2.292844e+02 
1.000000e-08 2.292844e+02 2.292844e+02 2.292844e+02 2.292844e+02 2.292844e+02 2.292844e+02 2.292844e+02 2.292844e+02 2.292844e+02 2.292844e+02 2.292844e+02 2.292844e+02 2.292844e+02 2.292844e+02 2.292844e+02 2.292844e+02 2.292844e+02 2.292844e+02 2.292844e+02 2.292844e+02 2.292844e+02 1.000000e-08 1.000000e-08 1.000000e-08 2.292844e+02 2.292844e+02 1.000000e-08 2.292844e+02 2.292844e+02 
1.320670e+05 2.000000e+05 2.000000e+05 2.000000e+05 2.000000e+05 2.000000e+05 2.000000e+05 2.000000e+05 2.000000e+05 2.000000e+05 2.000000e+05 2.000000e+05 2.000000e+05 2.000000e+05 2.000000e+05 2.000000e+05 2.000000e+05 2.000000e+05 2.000000e+05 2.000000e+05 2.000000e+05 2.000000e+05 1.288480e+05 1.292660e+05 1.289240e+05 2.000000e+05 2.000000e+05 1.297600e+05 2.000000e+05 2.000000e+05 
