3.655049e+03 3.133545e+03 2.174091e+03 2.059407e+03 3.002263e+03 2.133338e+03 1.641656e+03 1.819217e+03 2.843996e+03 2.988576e+03 3.857162e+03 2.775206e+03 1.138238e+03 2.201213e+03 3.553995e+03 2.467722e+03 3.081677e+03 2.101400e+03 1.881966e+03 2.871367e+03 3.813494e+03 2.201380e+03 1.675803e+03 2.367738e+03 2.994995e+03 2.652104e+03 2.662562e+03 2.800696e+03 2.636687e+03 3.532749e+03 
3.406210e+03 2.632501e+03 2.174091e+03 2.059407e+03 2.874555e+03 2.133338e+03 1.641656e+03 1.819217e+03 2.843996e+03 2.988576e+03 2.577414e+03 2.775206e+03 1.138238e+03 2.201213e+03 2.980117e+03 2.467722e+03 3.081677e+03 2.101400e+03 1.881966e+03 1.793310e+03 3.813494e+03 2.201380e+03 1.675803e+03 1.758087e+03 2.669631e+03 2.652104e+03 2.662562e+03 2.713573e+03 2.636687e+03 2.343751e+03 
2.667503e+03 2.632501e+03 2.174091e+03 1.182595e+03 2.874555e+03 2.133338e+03 1.641656e+03 1.602594e+03 1.802139e+03 2.773410e+03 2.577414e+03 2.234639e+03 1.138238e+03 1.815203e+03 1.557644e+03 1.996327e+03 3.081677e+03 1.841655e+03 1.881966e+03 1.777717e+03 2.641760e+03 2.201380e+03 1.675803e+03 1.718625e+03 2.669631e+03 2.470262e+03 2.468566e+03 2.418765e+03 2.636687e+03 2.343751e+03 
2.617616e+03 1.882845e+03 1.778283e+03 1.182595e+03 2.480062e+03 1.971924e+03 1.641656e+03 1.602594e+03 1.802139e+03 2.773410e+03 2.577414e+03 1.668126e+03 1.138238e+03 1.815203e+03 1.557644e+03 1.996327e+03 2.121883e+03 1.841655e+03 1.881966e+03 1.777717e+03 2.641760e+03 1.695992e+03 1.675803e+03 1.718625e+03 2.669631e+03 2.470262e+03 2.418896e+03 1.597310e+03 2.214930e+03 2.305220e+03 
2.617616e+03 1.882845e+03 9.832047e+02 1.182595e+03 2.069679e+03 1.704191e+03 1.641656e+03 1.602594e+03 1.734772e+03 1.221783e+03 2.577414e+03 1.668126e+03 1.020793e+03 1.815203e+03 1.557644e+03 1.996327e+03 2.121883e+03 1.841655e+03 1.221601e+03 1.229022e+03 2.641760e+03 1.190124e+03 1.274704e+03 6.738596e+02 1.569789e+03 2.428262e+03 1.949523e+03 1.597310e+03 2.214930e+03 1.680215e+03 
1.512340e+03 1.752229e+03 9.832047e+02 1.182595e+03 1.557660e+03 1.704191e+03 1.079488e+03 1.240159e+03 1.625750e+03 1.097604e+03 2.375579e+03 9.980029e+02 7.367598e+02 1.702557e+03 1.557644e+03 1.996327e+03 1.306425e+03 8.295859e+02 1.048137e+03 9.024389e+02 2.612678e+03 7.186329e+02 1.274704e+03 6.738596e+02 9.846627e+02 1.325122e+03 1.738355e+03 1.597310e+03 1.421273e+03 1.680215e+03 
7.820909e+02 1.033791e+03 9.832047e+02 1.182595e+03 1.406315e+03 8.896781e+02 1.079488e+03 1.130307e+03 1.337496e+03 1.097604e+03 2.110478e+03 9.980029e+02 7.367598e+02 1.104947e+03 1.297254e+03 1.540391e+03 1.252442e+03 8.295859e+02 7.063032e+02 9.024389e+02 1.391757e+03 7.186329e+02 1.274704e+03 2.844981e+02 6.807561e+02 1.078652e+03 9.266117e+02 1.186886e+03 6.806526e+02 8.855294e+02 
7.820909e+02 5.822887e+02 9.130380e+02 9.362075e+02 9.039105e+02 5.758378e+02 9.654023e+02 5.872130e+02 7.155015e+02 1.097604e+03 1.325379e+03 9.980029e+02 6.560613e+02 6.258492e+02 1.010737e+03 1.097691e+03 1.049289e+03 6.054643e+02 7.063032e+02 8.706710e+02 9.081155e+02 5.976638e+02 9.667854e+02 2.694228e+02 6.807561e+02 7.344508e+02 6.530325e+02 4.438698e+02 6.806526e+02 5.330647e+02 
5.884799e+02 5.822887e+02 9.130380e+02 3.587859e+02 9.039105e+02 2.994967e+02 9.036726e+02 5.872130e+02 5.976229e+02 6.525088e+02 4.507404e+02 6.246275e+02 5.049958e+02 6.258492e+02 8.005746e+02 2.727903e+02 5.313321e+02 3.623296e+02 3.682366e+02 8.247590e+02 4.435651e+02 2.858358e+02 4.827116e+02 1.742400e+02 6.807513e+02 5.759595e+02 6.530325e+02 3.100593e+02 5.358271e+02 4.806842e+02 
1.964665e+02 3.076699e+02 5.825958e+02 3.587859e+02 6.820624e+02 2.917293e+02 5.011565e+02 3.216065e+02 3.910605e+02 1.671739e+02 1.858285e+02 3.442890e+02 3.496939e+02 4.989570e+02 4.951081e+02 2.423758e+02 3.314273e+02 2.464149e+02 1.621194e+02 7.561755e+02 3.047773e+02 2.858358e+02 3.481874e+02 1.542593e+02 2.790502e+02 3.746632e+02 4.357052e+02 3.100593e+02 2.197649e+02 3.711658e+02 
1.799984e+02 2.515031e+02 4.658522e+02 1.466220e+02 4.640824e+02 2.770562e+02 4.286159e+02 2.688949e+02 2.710000e+02 1.316003e+02 1.858285e+02 2.205112e+02 2.004140e+02 3.948473e+02 4.030748e+02 1.986602e+02 1.311788e+02 2.300315e+02 7.617919e+01 5.713449e+02 2.190922e+02 2.858358e+02 3.283878e+02 1.536614e+02 2.235389e+02 1.054408e+02 1.645994e+02 2.870359e+02 1.805874e+02 2.388528e+02 
1.436800e+02 2.368010e+02 2.605669e+02 6.838151e+01 4.092257e+02 2.468263e+02 3.896916e+02 1.824246e+02 2.290295e+02 6.833249e+01 1.068981e+02 1.384784e+02 9.839325e+01 3.578844e+02 3.587887e+02 1.550159e+02 9.303479e+01 1.372236e+02 7.160471e+01 4.207943e+02 1.621083e+02 1.975284e+02 2.131818e+02 1.110640e+02 2.082676e+02 8.272736e+01 1.499606e+02 2.334651e+02 8.367498e+01 1.793088e+02 
1.252924e+02 1.129826e+02 2.174254e+02 5.681725e+01 4.047152e+02 2.072110e+02 2.998864e+02 1.703473e+02 2.189067e+02 6.729274e+01 8.858294e+01 1.212181e+02 6.483530e+01 1.450069e+02 3.025619e+02 1.410316e+02 8.929323e+01 1.304871e+02 6.831269e+01 4.020547e+02 1.605762e+02 1.904049e+02 1.662865e+02 1.022485e+02 8.122918e+01 3.728843e+01 1.440603e+02 2.276903e+02 6.260182e+01 1.684112e+02 
1.238637e+02 9.514881e+01 2.041904e+02 4.514227e+01 4.030000e+02 1.505077e+02 2.576229e+02 1.688258e+02 2.173213e+02 6.477276e+01 8.321430e+01 1.175256e+02 4.862822e+01 1.262933e+02 2.647977e+02 3.017230e+01 8.730284e+01 9.813633e+01 6.604309e+01 3.987332e+02 1.529304e+02 1.755473e+02 1.531406e+02 9.910245e+01 7.260080e+01 3.409501e+01 1.268631e+02 2.249008e+02 5.204086e+01 1.584427e+02 
1.000001e-08 1.000000e-08 1.000000e-08 1.000000e-08 1.000000e-08 1.000000e-08 1.000000e-08 1.000000e-08 1.000000e-08 1.000000e-08 2.372144e-08 1.000000e-08 1.000000e-08 2.762715e-08 5.953824e-07 1.050751e-08 1.000000e-08 2.296690e-08 1.535295e-08 1.000000e-08 1.042110e-08 1.000000e-08 2.827267e-08 1.000000e-08 1.000000e-08 1.000000e-08 1.000000e-08 1.000000e-08 1.000000e-08 1.000000e-08 
1.000000e-08 1.000000e-08 1.000000e-08 1.000000e-08 1.000000e-08 1.000000e-08 1.000000e-08 1.000000e-08 1.000000e-08 1.000000e-08 1.000000e-08 1.000000e-08 1.000000e-08 1.000000e-08 1.000000e-08 1.000000e-08 1.000000e-08 1.000000e-08 1.000000e-08 1.000000e-08 1.000000e-08 1.000000e-08 1.000000e-08 1.000000e-08 1.000000e-08 1.000000e-08 1.000000e-08 1.000000e-08 1.000000e-08 1.000000e-08 
1.262010e+05 1.259580e+05 1.231370e+05 1.234660e+05 1.256390e+05 1.251570e+05 1.241160e+05 1.253280e+05 1.248790e+05 1.259570e+05 1.264710e+05 1.256870e+05 1.247610e+05 1.267450e+05 1.281140e+05 1.263130e+05 1.248350e+05 1.267070e+05 1.263970e+05 1.255180e+05 1.263890e+05 1.243190e+05 1.266640e+05 1.261520e+05 1.247630e+05 1.239510e+05 1.254390e+05 1.226010e+05 1.237860e+05 1.247960e+05 
