1.099061e+05 1.605836e+08 1.054566e+05 4.812416e+05 2.057091e+05 9.016944e+04 2.084205e+06 9.725858e+06 1.398932e+06 7.440057e+04 7.654104e+04 1.398854e+05 1.035922e+05 6.886473e+04 1.164542e+05 5.805136e+04 5.702188e+06 5.911216e+08 7.422053e+05 3.488628e+05 1.242438e+05 1.043910e+05 5.825654e+04 8.732231e+04 8.243995e+05 1.850796e+06 1.050778e+05 6.701009e+07 1.121622e+08 1.563005e+05 
1.099061e+05 1.340027e+08 1.054566e+05 8.408547e+04 8.786861e+04 9.016944e+04 2.084205e+06 8.893399e+04 1.382648e+05 7.440057e+04 7.066285e+04 1.398854e+05 1.035922e+05 6.886473e+04 1.164542e+05 5.805136e+04 3.279367e+05 1.602054e+08 5.213568e+04 3.488628e+05 1.242438e+05 8.916910e+04 5.825654e+04 8.732231e+04 8.243995e+05 1.850796e+06 1.050778e+05 9.522775e+04 8.647727e+05 6.267336e+04 
1.045504e+05 1.895373e+07 7.384634e+04 8.408547e+04 8.786861e+04 9.016944e+04 1.315483e+05 7.654849e+04 8.828048e+04 5.273819e+04 5.982799e+04 9.042546e+04 8.567961e+04 6.886473e+04 6.625064e+04 5.805136e+04 4.599388e+04 1.315697e+05 5.213568e+04 3.488628e+05 6.783183e+04 8.916910e+04 5.825654e+04 8.732231e+04 1.113521e+05 1.752870e+06 1.050778e+05 9.095154e+04 5.656569e+04 6.267336e+04 
9.787485e+04 8.457840e+04 7.384634e+04 8.408547e+04 8.295264e+04 9.016944e+04 1.178042e+05 7.079882e+04 8.828048e+04 5.273819e+04 5.982799e+04 4.312554e+04 6.686244e+04 6.886473e+04 5.145858e+04 5.805136e+04 4.339779e+04 1.273706e+05 5.213568e+04 7.474519e+04 6.737256e+04 8.916910e+04 5.825654e+04 8.732231e+04 6.092436e+04 6.668017e+04 1.040231e+05 9.095154e+04 5.656569e+04 6.267336e+04 
6.645619e+04 8.457840e+04 5.323836e+04 6.438827e+04 8.295264e+04 5.990741e+04 7.039537e+04 6.973100e+04 6.745377e+04 5.273819e+04 5.484200e+04 4.312554e+04 3.762545e+04 6.886473e+04 4.903287e+04 5.121298e+04 4.220811e+04 6.757156e+04 5.213568e+04 6.785567e+04 6.297557e+04 7.375078e+04 4.202436e+04 4.122146e+04 6.092436e+04 6.668017e+04 5.843191e+04 6.161229e+04 3.676447e+04 6.008745e+04 
3.871765e+04 5.620101e+04 5.323836e+04 4.921512e+04 4.456199e+04 4.876015e+04 5.903908e+04 6.108523e+04 3.812151e+04 4.503335e+04 5.472868e+04 4.132033e+04 3.762545e+04 5.551065e+04 4.820598e+04 5.064929e+04 4.220811e+04 5.854626e+04 4.632294e+04 5.566663e+04 3.781499e+04 7.138750e+04 4.202436e+04 4.048044e+04 5.704458e+04 6.301399e+04 5.843191e+04 6.161229e+04 3.676447e+04 5.821701e+04 
3.871765e+04 5.462478e+04 5.323836e+04 4.921512e+04 4.423518e+04 4.838931e+04 5.903908e+04 4.658602e+04 3.812151e+04 4.503335e+04 3.816614e+04 4.132033e+04 3.710251e+04 5.150290e+04 4.815464e+04 3.458971e+04 4.187404e+04 5.443901e+04 4.632294e+04 3.592163e+04 3.781499e+04 3.385418e+04 4.202436e+04 4.037182e+04 5.150224e+04 4.822820e+04 4.591290e+04 4.875771e+04 3.676447e+04 3.722355e+04 
3.842304e+04 3.571534e+04 5.197170e+04 4.848547e+04 4.423518e+04 4.799795e+04 5.336023e+04 4.633407e+04 3.812151e+04 4.491453e+04 3.708667e+04 4.031247e+04 3.678081e+04 4.944831e+04 4.754708e+04 3.381748e+04 4.187404e+04 5.191491e+04 4.630796e+04 3.592163e+04 3.649741e+04 3.382337e+04 4.170352e+04 4.037182e+04 4.805641e+04 4.771006e+04 3.916053e+04 4.610317e+04 3.490838e+04 3.710154e+04 
3.840361e+04 3.559546e+04 5.098314e+04 4.742360e+04 4.384408e+04 4.676695e+04 5.057099e+04 4.625873e+04 3.791044e+04 4.457353e+04 3.708667e+04 4.014718e+04 3.651488e+04 4.867398e+04 4.679293e+04 3.369329e+04 4.175974e+04 4.983868e+04 4.587001e+04 3.511938e+04 3.620826e+04 3.079052e+04 4.143399e+04 4.032654e+04 4.805641e+04 4.748354e+04 3.676784e+04 4.597414e+04 3.445981e+04 3.640397e+04 
3.699329e+04 3.518836e+04 5.060022e+04 4.605528e+04 4.320621e+04 4.499067e+04 5.006457e+04 4.542271e+04 3.628419e+04 4.409986e+04 3.707088e+04 3.862067e+04 3.483934e+04 4.794441e+04 4.531941e+04 3.193451e+04 4.065791e+04 4.803982e+04 4.164559e+04 3.379075e+04 3.613303e+04 2.955632e+04 4.040932e+04 3.759930e+04 4.601978e+04 4.627493e+04 3.617238e+04 4.346529e+04 3.378552e+04 3.567964e+04 
3.364462e+04 3.362890e+04 4.819575e+04 4.027690e+04 4.111301e+04 4.031335e+04 4.518381e+04 4.281960e+04 3.569306e+04 4.353448e+04 3.642024e+04 3.804218e+04 3.208148e+04 4.672592e+04 4.271550e+04 3.000641e+04 3.972411e+04 4.444952e+04 3.875550e+04 3.307162e+04 3.568052e+04 2.805570e+04 3.817047e+04 3.329961e+04 4.468299e+04 4.451353e+04 3.279512e+04 4.073846e+04 3.272808e+04 3.477925e+04 
3.273687e+04 3.189267e+04 4.520232e+04 3.591786e+04 3.962507e+04 3.580482e+04 3.635902e+04 3.997543e+04 3.276998e+04 4.060269e+04 3.419984e+04 3.504142e+04 2.847632e+04 4.275080e+04 3.733349e+04 2.846409e+04 3.745604e+04 3.947249e+04 3.500336e+04 3.053098e+04 3.467085e+04 2.278917e+04 3.390763e+04 3.012038e+04 4.262736e+04 4.267518e+04 3.099449e+04 3.599946e+04 3.028278e+04 3.227442e+04 
3.057037e+04 2.852300e+04 4.092022e+04 3.477787e+04 3.344495e+04 2.993694e+04 3.320560e+04 3.640215e+04 3.047492e+04 3.317439e+04 2.752202e+04 3.259822e+04 2.377220e+04 3.782613e+04 3.123556e+04 2.591185e+04 3.441883e+04 3.193538e+04 3.095739e+04 2.894282e+04 3.096953e+04 1.700605e+04 2.642258e+04 2.548424e+04 3.868903e+04 3.938633e+04 2.873219e+04 2.928410e+04 2.902632e+04 2.840300e+04 
2.877150e+04 2.563100e+04 3.732738e+04 2.380014e+04 2.777423e+04 2.174030e+04 2.356247e+04 3.008960e+04 2.761636e+04 2.570206e+04 2.296265e+04 3.089442e+04 1.790597e+04 3.060601e+04 2.583968e+04 2.243670e+04 2.932774e+04 2.230016e+04 2.506970e+04 2.404066e+04 2.545663e+04 1.130223e+04 2.174227e+04 2.170887e+04 3.239825e+04 3.351654e+04 2.563638e+04 2.337409e+04 2.786704e+04 2.252935e+04 
3.721518e-04 8.090339e-05 4.964758e-05 1.349903e-05 2.800338e-03 8.408507e-05 1.845344e-04 2.057416e-04 4.883665e-04 1.094471e-03 1.698883e-04 1.625122e-04 8.487290e-05 1.830626e-04 2.900822e-03 1.687193e-04 1.384472e-03 2.703495e-04 1.407933e-04 1.610161e-04 4.989011e-04 2.136701e-05 2.635999e-05 7.915306e-04 2.737389e-04 1.506711e-04 8.480218e-05 1.145590e-03 8.041132e-04 3.343720e-04 
1.000000e-08 1.000000e-08 1.000000e-08 1.000000e-08 1.000000e-08 1.000000e-08 1.000000e-08 1.000000e-08 1.000000e-08 1.000000e-08 1.000000e-08 1.000000e-08 1.000000e-08 1.000000e-08 1.000000e-08 1.000000e-08 1.000000e-08 1.000000e-08 1.000000e-08 1.000000e-08 1.000000e-08 1.000000e-08 1.000000e-08 1.000000e-08 1.000000e-08 1.000000e-08 1.000000e-08 1.000000e-08 1.000000e-08 1.000000e-08 
5.666970e+05 5.637530e+05 5.642130e+05 5.622350e+05 5.718040e+05 5.641670e+05 5.663290e+05 5.667890e+05 5.676630e+05 5.682490e+05 5.665590e+05 5.657310e+05 5.651330e+05 5.676630e+05 5.701850e+05 5.657770e+05 5.691040e+05 5.664670e+05 5.647190e+05 5.666970e+05 5.677540e+05 5.610390e+05 5.637070e+05 5.670650e+05 5.661450e+05 5.647650e+05 5.638450e+05 5.687440e+05 5.677090e+05 5.667890e+05 
