3.501578e+04 3.641730e+04 4.536134e+04 3.571006e+04 2.455443e+04 3.086306e+04 3.140961e+04 6.260732e+04 3.496592e+04 3.491099e+04 4.682399e+04 5.961078e+04 2.247938e+04 3.518602e+04 4.384055e+04 2.253469e+04 3.131744e+04 2.174086e+04 4.366550e+04 3.487520e+04 3.048302e+04 6.579935e+04 4.147333e+04 8.558910e+04 3.360143e+04 2.333483e+04 5.877256e+04 1.011627e+05 5.366489e+04 4.551825e+04 
3.501578e+04 3.641730e+04 4.536134e+04 3.211304e+04 2.455443e+04 2.880164e+04 3.017813e+04 5.078300e+04 3.330422e+04 3.491099e+04 4.682399e+04 2.889694e+04 1.925574e+04 3.518602e+04 3.111154e+04 2.253469e+04 1.730814e+04 2.174086e+04 3.032048e+04 1.237015e+04 2.321929e+04 3.138543e+04 2.730908e+04 2.510263e+04 1.561037e+04 2.333483e+04 2.751958e+04 2.397613e+04 3.657618e+04 3.754089e+04 
3.501578e+04 3.116936e+04 4.536134e+04 2.765194e+04 1.930186e+04 2.651988e+04 2.325759e+04 1.874411e+04 3.096503e+04 2.460701e+04 9.805176e+03 2.748893e+04 1.189731e+04 2.790398e+04 2.459395e+04 2.085472e+04 1.730814e+04 2.174086e+04 2.733380e+04 1.237015e+04 2.321929e+04 3.138543e+04 1.917421e+04 2.510263e+04 1.533320e+04 2.333483e+04 2.751958e+04 2.397613e+04 2.577559e+04 2.611778e+04 
3.496138e+04 2.243896e+04 2.171707e+04 2.679447e+04 1.930186e+04 2.651988e+04 2.114244e+04 1.874411e+04 2.161020e+04 2.335537e+04 9.805176e+03 2.088305e+04 1.189731e+04 2.661993e+04 2.373937e+04 2.085472e+04 1.730814e+04 2.174086e+04 1.777833e+04 1.237015e+04 1.986654e+04 3.138543e+04 1.850276e+04 2.510263e+04 1.533320e+04 2.066447e+04 2.701453e+04 2.397613e+04 2.577559e+04 2.611778e+04 
2.167288e+04 2.201702e+04 1.571224e+04 2.679447e+04 1.584480e+04 2.393155e+04 2.114244e+04 1.649064e+04 1.154999e+04 2.249690e+04 9.805176e+03 1.826048e+04 1.189731e+04 1.483601e+04 1.597955e+04 2.085472e+04 1.730814e+04 2.032998e+04 1.741690e+04 1.237015e+04 1.719548e+04 2.127049e+04 1.850276e+04 1.443298e+04 1.533320e+04 2.060268e+04 2.548644e+04 1.853810e+04 2.252997e+04 2.220965e+04 
1.814547e+04 1.386192e+04 1.571224e+04 1.240449e+04 1.215816e+04 1.749932e+04 2.021361e+04 1.649064e+04 1.154999e+04 2.155575e+04 9.805176e+03 1.692945e+04 1.189731e+04 1.483601e+04 1.125017e+04 1.812382e+04 1.065901e+04 2.032998e+04 1.741690e+04 1.237015e+04 1.531648e+04 1.620045e+04 4.762831e+03 1.443298e+04 8.745555e+03 1.982350e+04 1.111456e+04 1.853810e+04 1.109942e+04 1.418727e+04 
1.814547e+04 1.013656e+04 9.128874e+03 1.240449e+04 1.215816e+04 1.749932e+04 1.682506e+04 1.151825e+04 1.154999e+04 1.805122e+04 9.805176e+03 1.625121e+04 1.189731e+04 1.414852e+04 1.125017e+04 1.623299e+04 1.065901e+04 1.608754e+04 1.741537e+04 9.471843e+03 8.556433e+03 1.397399e+04 4.762831e+03 1.443298e+04 8.167188e+03 1.454649e+04 8.190245e+03 1.220896e+04 1.109942e+04 1.418727e+04 
1.706481e+04 7.354856e+03 9.128874e+03 1.229614e+04 1.191641e+04 1.749932e+04 1.682506e+04 1.085815e+04 1.070510e+04 1.766799e+04 9.805176e+03 1.625121e+04 1.184312e+04 1.414852e+04 1.115352e+04 1.604690e+04 1.047963e+04 1.608754e+04 1.369720e+04 9.471843e+03 8.428362e+03 1.386549e+04 4.428484e+03 1.443298e+04 7.861714e+03 1.359062e+04 8.190245e+03 1.170156e+04 1.105272e+04 1.418727e+04 
1.689267e+04 7.140900e+03 8.264862e+03 1.229553e+04 1.117212e+04 1.637066e+04 1.507654e+04 1.040133e+04 1.035342e+04 1.736361e+04 9.802962e+03 1.625121e+04 1.142378e+04 1.411836e+04 1.115352e+04 1.212825e+04 8.305982e+03 1.572074e+04 1.348483e+04 9.381611e+03 8.309032e+03 7.196938e+03 4.428484e+03 1.383236e+04 7.767267e+03 1.359062e+04 7.562888e+03 1.158993e+04 1.105272e+04 9.684854e+03 
1.680210e+04 7.112849e+03 7.490984e+03 1.228212e+04 1.106632e+04 1.637066e+04 1.502693e+04 9.861400e+03 9.691098e+03 1.679716e+04 9.663021e+03 1.591799e+04 1.111931e+04 1.335375e+04 1.023751e+04 1.196895e+04 8.137986e+03 1.543808e+04 1.274285e+04 8.969707e+03 7.928503e+03 7.157827e+03 4.401948e+03 1.353200e+04 6.935160e+03 1.322720e+04 7.279131e+03 1.149101e+04 1.064856e+04 9.239811e+03 
1.630024e+04 6.241045e+03 7.138029e+03 1.181315e+04 1.050225e+04 1.491157e+04 1.439290e+04 9.306084e+03 9.617238e+03 1.630391e+04 9.258946e+03 1.481211e+04 9.867786e+03 1.217949e+04 9.001360e+03 1.145968e+04 7.704473e+03 1.434344e+04 1.273760e+04 8.929926e+03 7.673442e+03 6.072314e+03 4.249265e+03 1.320789e+04 6.269883e+03 1.315545e+04 6.971470e+03 1.096714e+04 1.041238e+04 8.832556e+03 
1.497893e+04 5.582844e+03 6.370968e+03 1.096817e+04 9.736349e+03 1.449866e+04 1.395516e+04 8.353122e+03 8.652593e+03 1.578190e+04 8.383370e+03 1.311273e+04 9.335880e+03 1.128870e+04 7.785397e+03 1.020681e+04 6.348922e+03 1.067454e+04 1.248686e+04 8.603992e+03 7.219473e+03 5.103198e+03 3.992404e+03 1.304861e+04 5.725680e+03 1.265703e+04 6.423421e+03 1.011934e+04 9.990616e+03 8.479182e+03 
1.251741e+04 4.484334e+03 5.961127e+03 9.567490e+03 8.976535e+03 1.372117e+04 1.211539e+04 7.940671e+03 7.435698e+03 1.446478e+04 7.696317e+03 1.262997e+04 7.785833e+03 1.014403e+04 6.898639e+03 7.607188e+03 5.098282e+03 7.833791e+03 1.158063e+04 7.341536e+03 6.960067e+03 3.942248e+03 3.363294e+03 1.199834e+04 5.096306e+03 9.943341e+03 5.396572e+03 8.688522e+03 6.300605e+03 8.234329e+03 
1.030480e+04 2.834748e+03 4.035553e+03 6.900502e+03 8.285809e+03 1.289274e+04 8.288798e+03 6.788363e+03 5.900597e+03 1.162151e+04 5.684164e+03 7.451126e+03 6.898970e+03 8.190130e+03 4.496959e+03 6.162740e+03 4.003816e+03 3.542170e+03 7.191423e+03 6.463656e+03 6.061504e+03 2.893157e+03 3.125873e+03 7.509010e+03 3.827564e+03 7.948208e+03 4.658707e+03 8.224036e+03 4.253666e+03 6.924380e+03 
1.612915e-08 1.000000e-08 2.538599e-08 2.288533e-08 1.000000e-08 4.072638e-08 4.218623e-08 6.051295e-08 1.251726e-08 1.415299e-08 1.000000e-08 1.153766e-07 2.786106e-08 3.044045e-08 1.529730e-08 2.656276e-08 1.000000e-08 1.000000e-08 1.393710e-08 1.126313e-08 1.000000e-08 1.000000e-08 1.000000e-08 1.000000e-08 1.000000e-08 1.751221e-08 1.108276e-08 1.105167e-08 1.345023e-08 1.000000e-08 
1.000000e-08 1.000000e-08 1.000000e-08 1.000000e-08 1.000000e-08 1.000000e-08 1.000000e-08 1.000000e-08 1.000000e-08 1.000000e-08 1.000000e-08 1.000000e-08 1.000000e-08 1.000000e-08 1.000000e-08 1.000000e-08 1.000000e-08 1.000000e-08 1.000000e-08 1.000000e-08 1.000000e-08 1.000000e-08 1.000000e-08 1.000000e-08 1.000000e-08 1.000000e-08 1.000000e-08 1.000000e-08 1.000000e-08 1.000000e-08 
1.266430e+05 1.254580e+05 1.272280e+05 1.270330e+05 1.258580e+05 1.266820e+05 1.267990e+05 1.273840e+05 1.262920e+05 1.264090e+05 1.257380e+05 1.277740e+05 1.270330e+05 1.271890e+05 1.267990e+05 1.264090e+05 1.259380e+05 1.239780e+05 1.266040e+05 1.263700e+05 1.250180e+05 1.260970e+05 1.254180e+05 1.253780e+05 1.246980e+05 1.266820e+05 1.264090e+05 1.263310e+05 1.265650e+05 1.261750e+05 
