2.986369e+02 2.648670e+02 2.962206e+02 2.847690e+02 3.032843e+02 3.086632e+02 3.072265e+02 2.746246e+02 2.676328e+02 3.271788e+02 2.956427e+02 3.031810e+02 3.231445e+02 2.866572e+02 2.973110e+02 3.207550e+02 2.866965e+02 2.873177e+02 3.010488e+02 3.067820e+02 2.763968e+02 2.935994e+02 2.659054e+02 2.876955e+02 2.963669e+02 2.809223e+02 3.157938e+02 2.282993e+02 3.148747e+02 2.742606e+02 
2.954505e+02 2.648670e+02 2.657317e+02 2.847690e+02 3.014795e+02 3.086632e+02 3.049373e+02 2.746246e+02 2.676328e+02 2.916191e+02 2.567136e+02 2.791072e+02 3.231445e+02 2.866572e+02 2.973110e+02 2.797538e+02 2.866965e+02 2.525477e+02 2.773134e+02 3.067820e+02 2.763968e+02 2.931103e+02 2.659054e+02 2.777064e+02 2.963669e+02 2.809223e+02 3.157938e+02 2.282993e+02 3.148747e+02 2.742606e+02 
2.529275e+02 2.648670e+02 2.657317e+02 2.484191e+02 2.826927e+02 2.771317e+02 2.945787e+02 2.746246e+02 2.425667e+02 2.916191e+02 2.567136e+02 2.593702e+02 3.011943e+02 2.775525e+02 2.973110e+02 2.797538e+02 2.866965e+02 2.359583e+02 2.570103e+02 2.920523e+02 2.660428e+02 2.781696e+02 2.659054e+02 2.777064e+02 2.963669e+02 2.288393e+02 3.157938e+02 2.282993e+02 3.148747e+02 2.742606e+02 
2.324212e+02 2.610919e+02 2.657317e+02 2.421186e+02 2.826927e+02 2.771317e+02 2.945787e+02 2.441969e+02 2.425667e+02 2.892439e+02 2.567136e+02 2.444107e+02 2.577965e+02 2.748848e+02 2.744386e+02 2.210122e+02 2.866965e+02 2.359583e+02 2.570103e+02 2.439951e+02 2.573727e+02 2.752976e+02 2.659054e+02 2.422352e+02 2.822362e+02 2.288393e+02 2.857136e+02 2.282993e+02 2.954720e+02 2.742606e+02 
2.324212e+02 2.579255e+02 2.405625e+02 2.224658e+02 2.820983e+02 2.613697e+02 2.606472e+02 2.441969e+02 2.417517e+02 2.571608e+02 2.057359e+02 2.444107e+02 2.466181e+02 2.516504e+02 2.532322e+02 2.166823e+02 2.616070e+02 2.283931e+02 2.346077e+02 2.439951e+02 2.410579e+02 2.450305e+02 2.558492e+02 2.422352e+02 2.594300e+02 2.182360e+02 2.775058e+02 2.282993e+02 2.790246e+02 2.434897e+02 
2.195393e+02 2.298951e+02 2.303688e+02 2.111532e+02 2.403587e+02 2.430752e+02 2.606472e+02 2.269993e+02 2.417517e+02 2.352804e+02 2.057359e+02 2.339794e+02 2.391581e+02 2.361113e+02 2.296795e+02 2.166823e+02 2.434888e+02 2.270930e+02 2.346077e+02 2.417497e+02 2.355083e+02 2.446597e+02 2.505746e+02 2.379017e+02 2.419986e+02 2.122738e+02 2.652746e+02 2.266247e+02 2.484613e+02 2.095394e+02 
2.012728e+02 2.186580e+02 2.303688e+02 2.045747e+02 2.292730e+02 2.360323e+02 2.486311e+02 2.078447e+02 1.934856e+02 2.280000e+02 2.057359e+02 2.092694e+02 2.319093e+02 2.271574e+02 1.810830e+02 2.003745e+02 1.999530e+02 2.188606e+02 2.332399e+02 2.222346e+02 2.086747e+02 2.155276e+02 2.310170e+02 2.294975e+02 2.368981e+02 1.933903e+02 2.543959e+02 2.025781e+02 2.051970e+02 1.913689e+02 
1.922402e+02 1.884886e+02 1.967986e+02 1.853812e+02 1.947602e+02 2.309602e+02 2.209350e+02 2.045114e+02 1.890173e+02 1.884488e+02 1.746613e+02 1.851732e+02 1.988039e+02 2.173891e+02 1.510778e+02 1.917885e+02 1.856235e+02 1.953765e+02 2.106866e+02 1.881209e+02 1.976477e+02 1.952893e+02 1.941576e+02 1.980239e+02 2.130876e+02 1.717887e+02 2.231490e+02 1.712404e+02 1.592738e+02 1.809649e+02 
1.646601e+02 1.700633e+02 1.800126e+02 1.423803e+02 1.494956e+02 1.475278e+02 1.639883e+02 1.625134e+02 1.523234e+02 1.874369e+02 1.508867e+02 1.638169e+02 1.549923e+02 1.846501e+02 1.389799e+02 1.767885e+02 1.600057e+02 1.702657e+02 1.800582e+02 1.683361e+02 1.735511e+02 1.731666e+02 1.684144e+02 1.762207e+02 2.017907e+02 1.426276e+02 1.884922e+02 1.491663e+02 1.354825e+02 1.743437e+02 
1.179829e+02 1.417769e+02 1.555110e+02 1.361433e+02 1.330536e+02 1.263060e+02 1.446359e+02 1.333067e+02 1.231159e+02 1.517348e+02 1.287134e+02 1.427928e+02 1.186290e+02 1.470540e+02 1.180167e+02 1.342396e+02 1.306394e+02 1.130389e+02 1.391636e+02 1.381538e+02 1.399969e+02 1.220139e+02 1.165030e+02 1.403805e+02 1.457566e+02 1.074226e+02 1.506484e+02 1.164089e+02 1.137001e+02 1.522792e+02 
9.710604e+01 1.110467e+02 1.117659e+02 9.650416e+01 8.808590e+01 7.764949e+01 1.114934e+02 1.106008e+02 9.874684e+01 1.230151e+02 9.682344e+01 1.107246e+02 8.784545e+01 1.054328e+02 8.673051e+01 1.066594e+02 9.707678e+01 9.209860e+01 1.124999e+02 1.167312e+02 1.260206e+02 1.078186e+02 9.746960e+01 1.142985e+02 1.112408e+02 7.487187e+01 1.048216e+02 1.034127e+02 9.789217e+01 9.478064e+01 
8.751411e+01 8.684351e+01 7.397423e+01 8.283045e+01 7.535140e+01 6.696675e+01 9.704718e+01 7.603979e+01 9.185016e+01 1.147088e+02 8.270140e+01 8.742873e+01 6.993397e+01 9.076395e+01 7.780811e+01 9.580126e+01 9.141040e+01 8.372643e+01 9.864163e+01 1.026554e+02 1.052360e+02 8.866805e+01 7.734289e+01 1.031823e+02 9.734404e+01 5.858477e+01 9.420921e+01 8.291271e+01 8.775808e+01 8.258261e+01 
8.600644e+01 8.421387e+01 6.427302e+01 8.081175e+01 7.391212e+01 6.207939e+01 9.483560e+01 7.273774e+01 9.097884e+01 1.118176e+02 7.686079e+01 8.288867e+01 6.912915e+01 8.777729e+01 7.683453e+01 9.079774e+01 8.785374e+01 8.212991e+01 9.511749e+01 1.017010e+02 9.877285e+01 8.694360e+01 7.581210e+01 1.018763e+02 9.190651e+01 5.694923e+01 8.871817e+01 7.899014e+01 8.088595e+01 8.105125e+01 
8.559452e+01 8.401274e+01 6.370216e+01 8.062274e+01 7.365384e+01 6.170112e+01 9.454390e+01 7.264394e+01 9.057099e+01 1.114942e+02 7.662528e+01 8.260585e+01 6.867107e+01 8.759506e+01 7.662381e+01 9.056678e+01 8.758231e+01 8.155060e+01 9.500404e+01 1.015337e+02 9.862346e+01 8.657785e+01 7.563052e+01 1.015134e+02 9.159407e+01 5.672279e+01 8.856723e+01 7.861317e+01 8.060804e+01 8.060720e+01 
3.814182e+01 2.649996e+01 2.481123e+01 1.950074e+01 2.285033e+01 3.918677e+01 2.140570e+01 3.891023e+01 4.030640e+01 4.418224e+01 4.516188e+01 3.481200e+01 3.984012e+01 3.566387e+01 2.788311e+01 3.046773e+01 3.994843e+01 3.789930e+01 4.050371e+01 3.597001e+01 2.703550e+01 3.454172e+01 2.663141e+01 4.090098e+01 2.686789e+01 2.751506e+01 2.864278e+01 3.081180e+01 2.597852e+01 2.981385e+01 
1.492438e+01 1.222080e+01 1.160898e+01 1.006602e+01 1.012466e+01 1.392942e+01 1.193950e+01 1.227783e+01 1.094455e+01 1.087142e+01 1.332354e+01 1.094455e+01 2.027067e+01 1.407073e+01 1.926651e+01 1.910568e+01 1.591933e+01 1.293446e+01 1.591933e+01 1.492438e+01 1.666461e+01 1.200574e+01 9.994494e+00 1.293447e+01 1.205130e+01 1.094455e+01 1.890421e+01 1.094454e+01 1.293446e+01 1.029801e+01 
1.000000e+06 1.000000e+06 1.000000e+06 1.000000e+06 1.000000e+06 1.000000e+06 1.000000e+06 1.000000e+06 1.000000e+06 1.000000e+06 1.000000e+06 1.000000e+06 1.000000e+06 1.000000e+06 1.000000e+06 1.000000e+06 1.000000e+06 1.000000e+06 1.000000e+06 1.000000e+06 1.000000e+06 1.000000e+06 1.000000e+06 1.000000e+06 1.000000e+06 1.000000e+06 1.000000e+06 1.000000e+06 1.000000e+06 1.000000e+06 
