3.158026e+03 9.049766e+02 3.598225e+03 5.518744e+03 1.124368e+03 4.314875e+02 1.904688e+03 3.618943e+03 9.114452e+02 1.650084e+03 1.610763e+03 4.891807e+02 9.946939e+02 1.393415e+03 8.296238e+02 1.540444e+03 1.200932e+04 1.653483e+03 1.323475e+03 1.170517e+03 1.146441e+03 1.203945e+03 1.382968e+03 5.546484e+03 6.602103e+02 1.855070e+03 1.761817e+04 1.097095e+03 2.908053e+03 9.890297e+02 
3.155122e+03 9.044744e+02 3.573132e+03 4.932556e+03 1.124368e+03 4.314875e+02 1.904688e+03 3.618943e+03 8.961706e+02 1.634508e+03 1.610763e+03 4.891807e+02 9.946939e+02 1.393415e+03 8.296238e+02 1.540444e+03 9.561298e+03 1.651402e+03 1.320581e+03 1.170517e+03 8.101952e+02 1.203945e+03 1.382968e+03 3.680414e+03 6.602103e+02 1.855070e+03 1.760852e+04 1.094610e+03 2.908053e+03 9.890297e+02 
7.920168e+02 8.971382e+02 3.425936e+03 4.909671e+02 7.719824e+02 4.314875e+02 1.884970e+03 3.618943e+03 7.536189e+02 1.205348e+03 1.610763e+03 4.802428e+02 9.860349e+02 9.819294e+02 5.667271e+02 1.511915e+03 1.538595e+03 1.508544e+03 1.316372e+03 1.170517e+03 8.101952e+02 1.196338e+03 1.382968e+03 2.698461e+03 6.586762e+02 7.046134e+02 3.863624e+02 9.602210e+02 1.339534e+03 7.972978e+02 
7.920168e+02 5.339670e+02 3.425936e+03 4.884700e+02 3.538824e+02 1.743665e+02 1.883080e+03 8.684655e+02 7.469639e+02 8.068153e+02 1.253588e+03 4.571920e+02 6.414634e+02 7.666135e+02 3.731052e+02 1.288348e+03 1.153052e+03 1.508271e+03 8.130129e+02 8.492099e+02 7.770097e+02 6.376072e+02 1.382968e+03 2.698461e+03 3.019316e+02 6.495694e+02 3.863624e+02 8.638532e+02 7.632961e+02 7.972978e+02 
7.323821e+02 5.339670e+02 1.214699e+03 4.884700e+02 3.497888e+02 1.741454e+02 1.883080e+03 2.502897e+02 6.121722e+02 4.751710e+02 4.012683e+02 2.895767e+02 6.390045e+02 4.171505e+02 3.715530e+02 3.241611e+02 1.077320e+03 8.067441e+02 7.410033e+02 8.492099e+02 7.755905e+02 2.874413e+02 5.402872e+02 1.720372e+03 3.008190e+02 3.409112e+02 3.790234e+02 7.178411e+02 7.627566e+02 4.984955e+02 
2.789372e+02 3.271463e+02 4.500068e+02 2.562086e+02 4.403227e+01 1.718567e+02 1.188665e+03 2.380347e+02 4.540997e+02 4.654739e+02 2.532002e+02 2.859600e+02 3.804053e+02 2.357265e+02 3.713614e+02 2.317202e+02 8.079601e+02 7.060290e+02 3.809927e+02 3.745037e+02 3.178368e+02 2.836098e+02 4.615973e+02 1.611268e+03 2.871827e+02 3.294015e+02 3.640417e+02 2.874439e+02 5.685811e+02 3.600663e+02 
2.773323e+02 1.760242e+02 3.710375e+02 1.576747e+02 4.242367e+01 8.426378e+01 2.628993e+02 1.158945e+02 1.071881e+02 4.186023e+01 5.251350e+01 2.800148e+02 1.632114e+02 2.301320e+02 7.846784e+01 2.187194e+02 1.608807e+02 7.779893e+01 2.887734e+02 9.396225e+01 6.247617e+01 2.590672e+02 1.772221e+02 3.284822e+02 6.966152e+01 1.061865e+02 3.012149e+02 8.676414e+01 3.436190e+02 1.995825e+02 
6.891340e+01 3.541008e+01 4.793299e+01 1.531078e+02 3.533802e+01 6.442992e+01 9.991811e+01 5.760606e+01 9.052530e+01 3.977281e+01 4.764721e+01 4.493463e+01 4.722326e+01 1.873170e+02 4.651099e+01 4.133793e+01 6.339406e+01 6.631227e+01 7.589425e+01 4.534786e+01 4.214336e+01 7.401687e+01 1.210455e+02 4.100382e+01 6.281416e+01 6.185218e+01 6.311839e+01 8.498164e+01 4.146749e+01 1.126925e+02 
3.500937e+01 3.309466e+01 3.387673e+01 3.299066e+01 3.449847e+01 3.855679e+01 3.913227e+01 5.014217e+01 4.029021e+01 3.369489e+01 3.430933e+01 3.052933e+01 3.790616e+01 5.518073e+01 3.180146e+01 3.298740e+01 3.189814e+01 4.263048e+01 3.299445e+01 3.297043e+01 3.490681e+01 3.159006e+01 3.037628e+01 3.197840e+01 5.734211e+01 3.256662e+01 5.195303e+01 3.642434e+01 3.455672e+01 3.749753e+01 
2.754331e+01 2.761524e+01 2.778715e+01 2.900865e+01 3.238059e+01 2.756592e+01 2.702130e+01 2.619824e+01 3.226226e+01 2.750928e+01 2.775240e+01 3.003246e+01 2.543954e+01 2.764556e+01 2.794937e+01 2.875806e+01 2.920927e+01 2.770715e+01 2.614135e+01 2.981371e+01 2.815831e+01 2.775583e+01 2.637613e+01 2.699216e+01 2.812401e+01 2.719637e+01 2.932809e+01 3.139651e+01 2.610437e+01 2.767011e+01 
2.458292e+01 2.451693e+01 2.322023e+01 2.440715e+01 2.536925e+01 2.573744e+01 2.476581e+01 2.403939e+01 2.542489e+01 2.417136e+01 2.542568e+01 2.526743e+01 2.392850e+01 2.516899e+01 2.366696e+01 2.419977e+01 2.454879e+01 2.604756e+01 2.513204e+01 2.604774e+01 2.629863e+01 2.505030e+01 2.455372e+01 2.480251e+01 2.557836e+01 2.441943e+01 2.540368e+01 2.530757e+01 2.419923e+01 2.444208e+01 
2.290154e+01 2.279465e+01 2.119894e+01 2.318418e+01 2.277607e+01 2.348199e+01 2.279324e+01 2.324341e+01 2.361634e+01 2.303773e+01 2.338984e+01 2.396003e+01 2.210941e+01 2.254849e+01 2.277264e+01 2.301563e+01 2.301647e+01 2.254369e+01 2.327757e+01 2.334578e+01 2.384089e+01 2.298804e+01 2.357488e+01 2.307530e+01 2.139981e+01 2.307569e+01 2.296886e+01 2.190157e+01 2.227123e+01 2.341777e+01 
2.178980e+01 2.205680e+01 1.875109e+01 2.193261e+01 2.183254e+01 2.116299e+01 2.200007e+01 2.193486e+01 2.206945e+01 2.130491e+01 2.195918e+01 2.224995e+01 2.116394e+01 2.134124e+01 2.133624e+01 2.171870e+01 2.176173e+01 2.205092e+01 2.185960e+01 2.224550e+01 2.176238e+01 2.149053e+01 2.138670e+01 2.202882e+01 2.002495e+01 2.178314e+01 2.157264e+01 2.156647e+01 2.191704e+01 2.233945e+01 
2.123011e+01 2.117527e+01 1.772297e+01 2.075520e+01 2.140638e+01 2.090751e+01 2.104315e+01 2.115168e+01 2.118578e+01 2.081608e+01 2.113536e+01 2.094141e+01 1.921423e+01 2.073667e+01 2.080419e+01 2.108289e+01 2.119517e+01 2.104797e+01 2.098851e+01 2.109486e+01 2.121687e+01 2.099326e+01 2.092104e+01 2.106168e+01 1.762655e+01 2.132370e+01 2.054324e+01 2.092809e+01 2.089680e+01 2.179405e+01 
2.089769e+01 2.114190e+01 1.752033e+01 2.058849e+01 2.088610e+01 2.076994e+01 2.092346e+01 2.082380e+01 2.103573e+01 2.060679e+01 2.067836e+01 2.083708e+01 1.881024e+01 2.069389e+01 2.068284e+01 2.076215e+01 2.078387e+01 2.092780e+01 2.074395e+01 2.087623e+01 2.092540e+01 2.072172e+01 2.084717e+01 2.079577e+01 1.725949e+01 2.084327e+01 2.043642e+01 2.083309e+01 2.054893e+01 2.090994e+01 
2.089083e+01 2.067627e+01 3.544411e+00 2.058849e+01 2.079110e+01 2.076994e+01 2.065636e+01 2.082380e+01 2.098979e+01 2.060679e+01 2.067836e+01 2.083708e+01 1.076961e+01 2.069389e+01 9.128812e+00 2.076215e+01 2.070532e+01 3.604030e+00 2.052229e+01 2.042041e+01 2.092540e+01 2.072172e+01 2.075752e+01 2.079577e+01 1.725949e+01 2.031455e+01 2.043642e+01 2.078937e+01 2.054893e+01 2.069024e+01 
1.000000e+06 1.000000e+06 1.000000e+06 1.000000e+06 1.000000e+06 1.000000e+06 1.000000e+06 1.000000e+06 1.000000e+06 1.000000e+06 1.000000e+06 1.000000e+06 1.000000e+06 1.000000e+06 1.000000e+06 1.000000e+06 1.000000e+06 1.000000e+06 1.000000e+06 1.000000e+06 1.000000e+06 1.000000e+06 1.000000e+06 1.000000e+06 1.000000e+06 1.000000e+06 1.000000e+06 1.000000e+06 1.000000e+06 1.000000e+06 
