4.509630e+02 4.209147e+02 5.489543e+02 4.912542e+02 6.191355e+02 3.857103e+02 3.593857e+02 3.742655e+02 4.456638e+02 5.096767e+02 5.598402e+02 4.382435e+02 6.478725e+02 5.358309e+02 5.912059e+02 6.353231e+02 4.914045e+02 5.800678e+02 6.079692e+02 5.974494e+02 4.248338e+02 3.396490e+02 3.766776e+02 2.985374e+02 4.689411e+02 4.690246e+02 4.799488e+02 5.460641e+02 5.437934e+02 4.798243e+02 
4.509630e+02 4.209147e+02 5.489543e+02 4.206158e+02 5.801987e+02 3.857103e+02 3.593857e+02 3.742655e+02 4.456638e+02 5.096767e+02 5.598402e+02 4.382435e+02 5.566452e+02 5.358309e+02 5.912059e+02 5.860546e+02 4.890367e+02 5.800678e+02 5.962939e+02 5.958074e+02 4.248338e+02 3.396490e+02 3.766776e+02 2.887678e+02 4.689411e+02 4.690246e+02 4.799488e+02 5.460641e+02 5.008793e+02 4.798243e+02 
4.037387e+02 4.209147e+02 3.426500e+02 3.913036e+02 4.624841e+02 3.857103e+02 3.593857e+02 3.742655e+02 4.012298e+02 4.477785e+02 5.152130e+02 4.168667e+02 5.006581e+02 4.680307e+02 5.912059e+02 5.436426e+02 4.554466e+02 5.770228e+02 4.746134e+02 5.958074e+02 3.863459e+02 3.396490e+02 3.766776e+02 2.835958e+02 4.161833e+02 4.686436e+02 4.799488e+02 4.861970e+02 5.008793e+02 4.798243e+02 
3.690183e+02 4.207418e+02 3.405334e+02 3.476063e+02 4.624841e+02 3.637329e+02 3.593857e+02 3.742655e+02 4.012298e+02 4.477785e+02 4.561672e+02 3.676810e+02 4.402974e+02 4.656055e+02 3.960960e+02 5.436426e+02 4.175157e+02 5.382072e+02 4.386980e+02 5.205274e+02 3.636401e+02 3.396490e+02 2.218839e+02 2.772055e+02 3.897507e+02 4.670317e+02 4.071609e+02 4.861970e+02 4.029125e+02 4.750215e+02 
2.626250e+02 4.080458e+02 3.271549e+02 3.476063e+02 3.910880e+02 3.637329e+02 3.468325e+02 3.198280e+02 3.864117e+02 4.477785e+02 4.561672e+02 2.613563e+02 4.402974e+02 3.439692e+02 3.810828e+02 4.069714e+02 3.590852e+02 4.570466e+02 4.319194e+02 4.671167e+02 2.742339e+02 3.123717e+02 2.218839e+02 2.672528e+02 3.224830e+02 3.440869e+02 3.458902e+02 4.643286e+02 3.697301e+02 4.308880e+02 
2.584503e+02 3.220935e+02 2.949877e+02 3.104851e+02 3.888978e+02 3.493303e+02 1.780798e+02 3.103482e+02 2.250715e+02 2.294061e+02 2.549505e+02 2.460245e+02 3.466056e+02 2.458605e+02 2.986325e+02 3.783128e+02 3.393668e+02 2.751026e+02 3.032288e+02 2.852590e+02 2.503816e+02 2.792793e+02 1.986375e+02 2.163010e+02 3.113165e+02 3.160581e+02 3.360216e+02 3.131283e+02 3.071345e+02 2.877062e+02 
2.398240e+02 2.135880e+02 2.122583e+02 1.966337e+02 2.274735e+02 2.179281e+02 1.446945e+02 1.997266e+02 2.195561e+02 1.489422e+02 2.243401e+02 1.889953e+02 2.062723e+02 2.098640e+02 1.810549e+02 2.214719e+02 2.244798e+02 2.264292e+02 2.348228e+02 2.364671e+02 2.280666e+02 1.569943e+02 1.666185e+02 1.693520e+02 2.645927e+02 2.011906e+02 2.851540e+02 2.270661e+02 1.829892e+02 2.811792e+02 
1.746902e+02 1.448028e+02 1.734093e+02 1.441989e+02 1.541394e+02 1.714876e+02 1.320522e+02 1.207634e+02 2.055546e+02 1.323876e+02 1.474449e+02 1.326437e+02 1.516373e+02 1.308765e+02 1.481841e+02 1.254424e+02 1.189386e+02 1.812026e+02 1.159017e+02 2.056645e+02 1.879234e+02 9.688495e+01 1.521183e+02 1.314802e+02 1.666168e+02 1.664588e+02 1.740961e+02 1.421139e+02 1.694631e+02 1.198143e+02 
1.252490e+02 1.185536e+02 6.372336e+01 1.302952e+02 1.037223e+02 1.441635e+02 1.108395e+02 1.034295e+02 1.311513e+02 9.066553e+01 1.155955e+02 1.196863e+02 7.999082e+01 1.163265e+02 1.111973e+02 5.688395e+01 8.563449e+01 1.255392e+02 8.390301e+01 8.219639e+01 1.001385e+02 7.311316e+01 1.148120e+02 1.134389e+02 1.247438e+02 1.095764e+02 1.102749e+02 1.090309e+02 7.962019e+01 1.128839e+02 
1.060120e+02 8.705356e+01 4.371709e+01 6.132311e+01 7.092283e+01 9.068238e+01 7.287223e+01 7.027989e+01 9.480931e+01 8.143690e+01 8.604170e+01 8.547614e+01 7.591349e+01 5.454649e+01 8.525729e+01 4.828934e+01 6.478853e+01 1.075508e+02 8.104866e+01 7.306997e+01 7.016484e+01 6.057625e+01 5.936539e+01 8.622741e+01 6.906735e+01 6.637761e+01 6.592763e+01 9.201493e+01 6.769624e+01 1.005509e+02 
5.314705e+01 5.735756e+01 4.118417e+01 4.653398e+01 4.776642e+01 6.171455e+01 5.774476e+01 5.047841e+01 6.230177e+01 6.014525e+01 5.299371e+01 5.595771e+01 5.645919e+01 3.888232e+01 5.702741e+01 4.650735e+01 5.163069e+01 6.634805e+01 5.476081e+01 4.872667e+01 5.558887e+01 3.440066e+01 5.348559e+01 5.757722e+01 5.445175e+01 4.242203e+01 4.941473e+01 5.098456e+01 5.317979e+01 7.268480e+01 
3.655291e+01 5.054869e+01 3.076862e+01 3.653188e+01 3.662779e+01 3.438642e+01 4.239886e+01 3.344947e+01 4.679033e+01 3.057275e+01 2.893885e+01 4.667079e+01 5.286755e+01 3.471224e+01 4.552306e+01 3.403462e+01 4.028838e+01 4.012565e+01 3.601251e+01 3.673466e+01 3.138279e+01 2.510429e+01 4.413060e+01 4.332078e+01 3.583073e+01 3.940160e+01 4.251853e+01 4.048567e+01 4.111921e+01 3.540144e+01 
2.524288e+01 4.383948e+01 2.991196e+01 2.866865e+01 2.856406e+01 3.085814e+01 3.965088e+01 2.573169e+01 2.883924e+01 2.694625e+01 2.200241e+01 4.098939e+01 3.821332e+01 3.286075e+01 4.039127e+01 3.131664e+01 2.951698e+01 2.782552e+01 2.793055e+01 2.547388e+01 2.900346e+01 2.386730e+01 2.455339e+01 3.688221e+01 2.989287e+01 2.709054e+01 3.960800e+01 3.382299e+01 3.132429e+01 2.591947e+01 
2.371693e+01 4.136430e+01 2.536880e+01 1.912397e+01 2.532422e+01 2.525077e+01 3.097475e+01 2.204364e+01 2.387944e+01 2.397838e+01 1.975567e+01 2.630318e+01 2.995217e+01 3.075395e+01 2.807573e+01 2.387993e+01 2.378069e+01 2.434343e+01 2.256159e+01 2.463096e+01 2.379097e+01 2.347052e+01 2.260534e+01 2.745209e+01 2.751392e+01 2.494608e+01 3.383893e+01 2.946762e+01 2.710021e+01 2.335683e+01 
2.348625e+01 2.945923e+01 2.234203e+01 5.878747e+00 2.253820e+01 2.376057e+01 2.591240e+01 2.172075e+01 2.219211e+01 2.164010e+01 1.682692e+01 2.440255e+01 2.637121e+01 2.712499e+01 2.602937e+01 2.257974e+01 2.261536e+01 2.295383e+01 2.247889e+01 2.192775e+01 2.180808e+01 2.261167e+01 2.161146e+01 2.374453e+01 2.339408e+01 2.091291e+01 2.750988e+01 2.712210e+01 2.276580e+01 2.258276e+01 
1.145130e+01 1.954828e+01 4.604251e+00 5.878747e+00 2.000000e+01 2.000000e+01 1.717985e+01 2.130713e+01 2.062433e+01 3.609224e+00 9.949591e-01 2.062427e+01 9.949592e-01 2.031213e+01 1.989918e+00 1.999994e+01 2.000000e+01 2.031217e+01 2.000007e+01 2.130589e+01 1.237293e+01 1.307132e+00 3.609343e+00 2.130492e+01 2.031217e+01 2.091291e+01 2.302091e+00 1.195784e-04 1.000000e-08 2.031224e+01 
1.000000e+06 1.000000e+06 1.000000e+06 1.000000e+06 1.000000e+06 1.000000e+06 1.000000e+06 1.000000e+06 1.000000e+06 1.000000e+06 1.000000e+06 1.000000e+06 1.000000e+06 1.000000e+06 1.000000e+06 1.000000e+06 1.000000e+06 1.000000e+06 1.000000e+06 1.000000e+06 1.000000e+06 1.000000e+06 1.000000e+06 1.000000e+06 1.000000e+06 1.000000e+06 1.000000e+06 1.000000e+06 7.802580e+05 1.000000e+06 
