2.982987e+08 3.338582e+08 1.656111e+09 3.747583e+08 1.564100e+09 1.086033e+09 1.140064e+08 2.273332e+08 5.237233e+08 7.618139e+08 1.290448e+09 1.442080e+09 7.620517e+08 5.970547e+08 1.324367e+09 1.618540e+09 4.244796e+08 1.128010e+09 4.698055e+08 5.446708e+08 4.144208e+08 3.477737e+08 1.209877e+09 7.279305e+08 6.160707e+08 6.749935e+08 1.521869e+08 1.305625e+08 8.929835e+08 5.533733e+08 
1.878104e+08 6.400311e+07 8.858249e+08 3.747583e+08 1.563943e+09 1.086033e+09 1.140064e+08 2.256121e+08 2.924737e+08 3.254535e+08 8.003416e+08 5.050095e+08 5.855184e+08 5.970547e+08 3.810273e+08 9.163938e+08 4.244796e+08 1.128010e+09 3.300373e+08 5.446708e+08 4.144208e+08 9.158204e+07 1.191674e+09 7.279305e+08 6.160707e+08 1.889724e+08 1.521869e+08 1.263400e+08 3.058718e+08 3.701113e+08 
1.878104e+08 6.400311e+07 3.105489e+08 3.747583e+08 9.096370e+08 4.623991e+08 1.140064e+08 9.444101e+07 2.612860e+08 3.254535e+08 2.224220e+08 5.050095e+08 3.552749e+08 1.378908e+08 3.701442e+08 7.047372e+08 4.244796e+08 1.128010e+09 3.300373e+08 5.446708e+08 4.144208e+08 9.158201e+07 3.803737e+08 4.548784e+08 6.160707e+08 1.889724e+08 1.521868e+08 1.256399e+08 2.569459e+08 3.701113e+08 
1.878104e+08 6.394501e+07 3.105489e+08 1.414691e+08 7.595171e+08 4.623991e+08 1.140064e+08 9.444101e+07 5.572583e+07 3.254535e+08 2.224220e+08 3.164755e+08 1.992996e+08 1.378908e+08 3.701442e+08 7.047372e+08 1.948749e+08 1.128010e+09 3.300372e+08 3.839322e+08 4.144208e+08 2.166957e+07 1.350653e+08 4.527336e+08 2.923625e+08 1.889724e+08 1.521868e+08 1.256399e+08 2.569459e+08 3.701113e+08 
1.255795e+08 6.394496e+07 2.045169e+08 1.414691e+08 3.721415e+08 9.544144e+07 1.140064e+08 9.444099e+07 5.572583e+07 1.600026e+08 2.150529e+08 2.636025e+08 1.992996e+08 8.892951e+07 2.346726e+08 1.998844e+08 1.948749e+08 1.466575e+08 7.572410e+07 6.626626e+07 3.589894e+08 1.928404e+07 4.699991e+07 1.010854e+08 1.367135e+07 8.949869e+07 1.521868e+08 9.018117e+07 5.209663e+07 1.745548e+08 
3.540153e+07 6.394496e+07 6.289099e+06 8.035720e+07 2.314162e+07 1.536527e+07 3.959176e+07 4.623096e+07 1.100199e+07 1.150750e+07 3.005981e+07 1.367505e+08 4.509240e+07 1.729793e+07 9.420763e+07 1.591003e+08 6.389663e+07 1.078636e+08 1.027607e+07 2.686103e+07 8.517559e+07 1.320979e+07 3.468030e+07 4.152727e+07 1.091922e+07 3.569359e+06 9.716310e+07 6.674654e+06 5.209658e+07 4.713876e+07 
1.517363e+07 2.960147e+05 3.735836e+06 1.460657e+07 5.951465e+06 1.536526e+07 3.319047e+07 2.478325e+07 1.100199e+07 4.120717e+06 1.064402e+07 2.204276e+07 4.509234e+07 1.729793e+07 1.132219e+07 2.138502e+07 3.141066e+07 1.575404e+05 1.027606e+07 1.140161e+07 8.722717e+06 3.516285e+06 3.066395e+07 1.363461e+07 1.088936e+07 3.569269e+06 9.716309e+07 6.674651e+06 5.018723e+06 9.630896e+06 
3.264654e+06 2.960147e+05 2.723306e+06 2.340220e+05 1.394800e+06 4.468149e+05 6.984935e+05 9.021546e+05 4.607840e+06 1.901254e+06 4.409769e+06 3.688116e+06 1.115041e+07 3.963988e+06 4.319687e+05 1.200779e+06 2.975336e+06 4.429381e+04 1.454063e+06 3.655714e+06 7.317414e+06 2.324543e+06 6.576468e+06 4.728813e+05 2.341844e+06 2.139429e+06 2.573817e+06 3.820786e+06 5.018723e+06 9.630888e+06 
1.127179e+05 2.948841e+05 2.762918e+05 2.339686e+05 7.605680e+04 3.206649e+05 2.941560e+05 2.666823e+05 6.168508e+05 2.990925e+05 1.754480e+06 1.371019e+06 1.849270e+05 3.080175e+05 9.884542e+04 3.869399e+05 4.419364e+05 3.341251e+04 9.116091e+05 4.332415e+05 3.614577e+05 6.725731e+04 5.371255e+05 1.696238e+05 1.683433e+05 8.587630e+05 6.429616e+05 6.695711e+05 2.660950e+05 1.168884e+06 
1.126885e+05 5.866220e+04 5.658120e+04 8.129909e+04 7.604790e+04 9.849357e+03 9.181411e+04 7.198327e+04 6.854830e+04 4.837152e+04 8.803103e+04 7.346507e+04 3.380337e+04 3.080119e+05 6.463302e+04 7.525069e+04 1.032558e+05 2.597862e+04 1.365855e+05 8.108779e+04 3.894247e+04 1.245771e+04 7.435590e+04 6.435953e+04 5.904065e+04 1.613063e+04 5.827405e+04 5.778611e+04 1.606250e+05 1.482388e+04 
1.005997e+04 1.356863e+04 6.113395e+03 6.240073e+03 1.835819e+04 4.796417e+03 1.924511e+04 2.299621e+03 2.027024e+04 7.833365e+03 1.693325e+03 4.539012e+03 1.991823e+03 1.087146e+04 4.653057e+03 9.728658e+03 3.271270e+03 1.980138e+04 3.959774e+03 1.062779e+04 7.714158e+03 1.245591e+04 7.864070e+03 2.874490e+03 3.008811e+03 4.401030e+03 9.572939e+03 1.861584e+04 1.545381e+04 1.389773e+04 
6.953391e+02 1.607882e+03 1.520915e+03 8.376917e+02 6.291400e+02 2.140828e+03 6.556483e+02 5.753607e+02 8.338129e+02 9.690146e+02 4.399197e+02 8.684366e+02 1.723117e+03 7.292715e+02 4.565114e+02 5.430386e+02 6.569967e+02 1.866716e+03 1.461070e+03 2.180648e+03 9.146582e+02 4.997035e+02 2.892611e+03 1.473120e+03 1.469242e+03 7.545626e+02 1.280359e+03 9.076854e+02 1.338874e+03 1.440538e+03 
5.727626e+01 3.792852e+02 3.900550e+02 3.911967e+02 2.702189e+02 3.391807e+02 1.371152e+02 2.358855e+02 2.156932e+02 2.577058e+02 7.350754e+01 3.907523e+02 1.201444e+02 2.786236e+02 6.286943e+01 6.397699e+01 3.381606e+02 9.930540e+01 2.369068e+02 2.499476e+02 1.074587e+02 9.810335e+01 2.191178e+02 1.419202e+02 2.095744e+02 4.456728e+02 1.867549e+02 1.621890e+02 4.718873e+02 4.401258e+01 
5.703606e+01 4.224798e+01 9.122319e+01 6.373467e+01 1.210081e+02 4.745114e+01 5.244380e+01 7.065620e+00 9.206081e+01 5.968348e+01 2.026744e+01 6.747936e+01 4.033224e+01 8.157441e+01 5.904086e+01 6.332930e+01 7.906792e+01 8.946912e+01 1.318976e+02 4.419666e+01 4.357780e+01 3.004086e+01 3.775423e+01 5.782414e+01 3.967380e+01 2.357914e+01 5.560988e+01 8.787244e+01 1.433164e+02 3.797663e+01 
1.031833e+00 2.003895e+00 6.544556e-01 6.844398e-01 1.409037e+00 8.797941e-01 9.454108e-01 5.015100e-01 7.974920e-01 8.413547e-01 7.654464e-01 5.884476e-01 1.730721e+00 9.490143e-01 1.064473e+00 5.534848e-01 1.883233e+00 2.166816e+00 8.032368e-01 1.045811e+00 9.375333e-01 8.490831e-01 8.560234e-01 7.294831e-01 9.837494e-01 7.360588e-01 1.481540e+00 6.430317e-01 7.198696e-01 8.697073e-01 
4.871125e-01 2.853414e-01 3.462197e-01 1.008228e-02 1.117408e-01 1.369399e-01 1.046740e-01 4.249717e-01 3.004054e-01 2.150806e-01 4.766447e-01 3.059690e-01 2.328309e-01 3.702989e-01 2.353322e-01 2.076557e-01 2.649074e-01 4.615717e-01 3.961910e-01 4.513268e-01 2.365105e-01 2.993900e-01 1.986879e-01 1.306614e-01 1.349422e-01 3.408101e-01 2.422154e-01 6.302388e-02 1.007965e-01 2.424151e-01 
2.000000e+05 2.000000e+05 2.000000e+05 2.000000e+05 2.000000e+05 2.000000e+05 2.000000e+05 2.000000e+05 2.000000e+05 2.000000e+05 2.000000e+05 2.000000e+05 2.000000e+05 2.000000e+05 2.000000e+05 2.000000e+05 2.000000e+05 2.000000e+05 2.000000e+05 2.000000e+05 2.000000e+05 2.000000e+05 2.000000e+05 2.000000e+05 2.000000e+05 2.000000e+05 2.000000e+05 2.000000e+05 2.000000e+05 2.000000e+05 
