1.866667e+03 1.158513e+03 1.591975e+03 6.375773e+02 1.508237e+03 1.047023e+03 1.653037e+03 1.854505e+03 1.716180e+03 2.087377e+03 2.543145e+03 2.468955e+03 1.551800e+03 1.853838e+03 8.832014e+02 1.855521e+03 1.505718e+03 6.385020e+02 2.551106e+03 1.042481e+03 2.337427e+03 1.405417e+03 1.298786e+03 1.783042e+03 5.896116e+02 1.445300e+03 1.591752e+03 2.106784e+03 1.505895e+03 1.405630e+03 
1.809970e+03 7.888160e+02 1.126660e+03 6.375773e+02 1.383900e+03 8.744524e+02 1.315414e+03 1.854505e+03 1.716180e+03 1.741936e+03 2.543145e+03 1.932249e+03 1.187225e+03 1.853838e+03 8.463665e+02 1.384731e+03 1.138234e+03 6.385020e+02 2.282849e+03 1.029101e+03 2.182060e+03 1.405417e+03 1.170268e+03 1.354291e+03 5.896116e+02 1.170134e+03 1.273892e+03 1.711489e+03 1.309337e+03 1.405630e+03 
1.616071e+03 7.710710e+02 9.907105e+02 5.125937e+02 1.383900e+03 8.744524e+02 6.777789e+02 1.854505e+03 1.674879e+03 1.273101e+03 1.964421e+03 1.931917e+03 1.187225e+03 1.766030e+03 8.463665e+02 1.338456e+03 9.603540e+02 6.385020e+02 2.282849e+03 5.774042e+02 1.520345e+03 1.058839e+03 1.170268e+03 1.329960e+03 5.148166e+02 1.170134e+03 1.120985e+03 1.711489e+03 1.309337e+03 1.405630e+03 
1.616071e+03 7.710710e+02 6.778961e+02 5.125937e+02 1.383900e+03 8.744524e+02 6.777789e+02 1.720132e+03 1.383378e+03 1.211177e+03 1.718414e+03 1.207116e+03 9.810819e+02 1.461849e+03 7.783489e+02 1.110387e+03 9.337354e+02 6.385020e+02 1.965683e+03 5.774042e+02 1.168479e+03 1.058839e+03 8.209439e+02 1.148260e+03 5.148166e+02 1.046791e+03 9.346866e+02 1.372568e+03 1.301436e+03 8.186914e+02 
4.697882e+02 5.552116e+02 6.756856e+02 1.964255e+02 1.059337e+03 5.990310e+02 6.291553e+02 4.695135e+02 7.419163e+02 7.888586e+02 1.083116e+03 1.132663e+03 9.017584e+02 6.463957e+02 5.576863e+02 6.643903e+02 8.267050e+02 6.325834e+02 1.538227e+03 4.928092e+02 4.139480e+02 5.827895e+02 5.736711e+02 8.864276e+02 4.428653e+02 4.178911e+02 3.453534e+02 1.163280e+03 1.250560e+03 7.897036e+02 
4.396606e+02 4.239036e+02 5.546427e+02 1.961424e+02 3.887512e+02 2.885911e+02 3.521801e+02 3.994740e+02 5.519563e+02 4.303588e+02 3.474340e+02 4.312638e+02 3.724720e+02 5.168969e+02 3.279349e+02 3.654281e+02 4.442023e+02 4.961683e+02 9.075897e+02 3.054926e+02 2.463147e+02 4.739536e+02 5.255337e+02 4.952080e+02 2.971803e+02 2.336292e+02 2.424803e+02 3.993349e+02 5.990010e+02 4.425047e+02 
2.454591e+02 2.421944e+02 2.966860e+02 1.691763e+02 2.514242e+02 2.364770e+02 3.219935e+02 2.328457e+02 2.522198e+02 2.427658e+02 2.795354e+02 2.072847e+02 3.724720e+02 2.940737e+02 2.573312e+02 2.695648e+02 2.075725e+02 3.219144e+02 3.412545e+02 2.600202e+02 2.004312e+02 3.907235e+02 2.773430e+02 2.183139e+02 2.885677e+02 1.882898e+02 2.062141e+02 3.541481e+02 4.067937e+02 2.339462e+02 
2.073055e+02 1.749616e+02 2.297264e+02 1.637380e+02 2.116863e+02 1.868381e+02 1.782536e+02 1.899860e+02 1.669539e+02 1.741030e+02 1.994862e+02 1.895159e+02 2.016382e+02 2.063489e+02 1.755092e+02 1.855233e+02 1.738452e+02 2.038912e+02 2.137404e+02 2.102089e+02 1.794634e+02 1.890900e+02 1.712038e+02 1.844718e+02 1.825316e+02 1.823329e+02 1.694683e+02 2.268739e+02 2.341163e+02 1.732763e+02 
1.676076e+02 1.670553e+02 1.772321e+02 1.583134e+02 1.806153e+02 1.729219e+02 1.617108e+02 1.640096e+02 1.660592e+02 1.592602e+02 1.753301e+02 1.686135e+02 1.688698e+02 1.672057e+02 1.677740e+02 1.614103e+02 1.660504e+02 1.650614e+02 1.715219e+02 1.611646e+02 1.652687e+02 1.701234e+02 1.657806e+02 1.627179e+02 1.651358e+02 1.606125e+02 1.583068e+02 1.910335e+02 1.696243e+02 1.717515e+02 
1.566614e+02 1.564063e+02 1.612098e+02 1.577502e+02 1.589626e+02 1.589641e+02 1.546044e+02 1.294426e+02 1.520284e+02 1.415864e+02 1.538233e+02 1.479061e+02 1.533154e+02 1.565386e+02 1.424524e+02 1.538742e+02 1.554365e+02 1.563162e+02 1.439347e+02 1.479398e+02 1.566768e+02 1.546730e+02 1.547667e+02 1.484747e+02 1.551221e+02 1.556467e+02 1.577385e+02 1.575915e+02 1.549249e+02 1.535331e+02 
1.513166e+02 1.456203e+02 1.353752e+02 1.382247e+02 9.185211e+01 1.516715e+02 1.378283e+02 6.497511e+01 1.340581e+02 1.345996e+02 1.390453e+02 1.089073e+02 1.504854e+02 1.005219e+02 1.240409e+02 1.237243e+02 1.451145e+02 1.435239e+02 1.010800e+02 1.335273e+02 1.480757e+02 1.529544e+02 1.382073e+02 1.365854e+02 1.480283e+02 1.481797e+02 1.451319e+02 1.510076e+02 1.529836e+02 1.493910e+02 
1.340542e+02 1.077077e+02 5.143961e+01 5.932486e+01 2.922884e+01 1.453321e+02 1.155179e+02 3.506488e+01 8.498341e+01 1.104783e+02 1.099442e+02 7.462108e+01 1.388290e+02 2.280012e+01 9.958461e+01 4.771144e+01 1.324361e+02 8.739574e+01 4.568614e+01 9.599377e+01 1.269056e+02 1.405947e+02 1.019754e+02 1.121561e+02 1.291317e+02 7.863455e+01 1.153288e+02 1.165445e+02 1.509287e+02 1.109565e+02 
1.019719e+02 6.397677e+01 2.784116e+01 1.930670e+01 1.386949e+01 1.166904e+02 7.361585e+01 1.283416e+01 2.489143e+01 4.489745e+01 5.221086e+01 2.810099e+01 6.084818e+01 4.597313e+00 5.434104e+01 1.701403e+01 8.897506e+01 3.032875e+01 1.195427e+01 1.618447e+01 6.305710e+01 1.041639e+02 2.877220e+01 5.750687e+01 7.423455e+01 2.322871e+01 4.589839e+01 4.832164e+01 1.372996e+02 3.340943e+01 
2.708325e+01 1.783372e+00 7.415185e-01 2.218577e+00 1.910392e+00 9.103648e+00 8.685352e-01 9.567419e-01 4.159814e+00 3.899756e+00 2.467092e+00 2.564797e+00 2.699883e+00 6.349740e-01 5.038814e+00 2.172700e+00 7.019613e+00 9.515290e-01 8.033841e-01 1.084494e+00 3.544615e+00 7.189956e+00 1.256922e+00 1.742740e+00 1.265385e+00 7.109516e+00 2.061161e+00 8.886997e+00 7.035768e+01 3.475159e+00 
1.000000e-08 1.000000e-08 1.000000e-08 1.000000e-08 1.000000e-08 1.000000e-08 1.000000e-08 1.000000e-08 1.000000e-08 1.000000e-08 1.000000e-08 1.000000e-08 1.000000e-08 1.000000e-08 1.000000e-08 1.000000e-08 1.000000e-08 1.000000e-08 1.000000e-08 1.000000e-08 1.000000e-08 1.000000e-08 1.000000e-08 1.000000e-08 1.000000e-08 1.000000e-08 1.000000e-08 1.000000e-08 1.000000e-08 1.000000e-08 
1.000000e-08 1.000000e-08 1.000000e-08 1.000000e-08 1.000000e-08 1.000000e-08 1.000000e-08 1.000000e-08 1.000000e-08 1.000000e-08 1.000000e-08 1.000000e-08 1.000000e-08 1.000000e-08 1.000000e-08 1.000000e-08 1.000000e-08 1.000000e-08 1.000000e-08 1.000000e-08 1.000000e-08 1.000000e-08 1.000000e-08 1.000000e-08 1.000000e-08 1.000000e-08 1.000000e-08 1.000000e-08 1.000000e-08 1.000000e-08 
1.234860e+05 1.214250e+05 1.230360e+05 1.227070e+05 1.230760e+05 1.219280e+05 1.215930e+05 1.224200e+05 1.225840e+05 1.211730e+05 1.232400e+05 1.206270e+05 1.219690e+05 1.244210e+05 1.227080e+05 1.219280e+05 1.240580e+05 1.198290e+05 1.211730e+05 1.220920e+05 1.236910e+05 1.222970e+05 1.207530e+05 1.231190e+05 1.238570e+05 1.244580e+05 1.214670e+05 1.238140e+05 1.248580e+05 1.215930e+05 
