8.684346e+01 8.759320e+01 4.563066e+01 8.487578e+01 9.563643e+01 6.551946e+01 7.714031e+01 1.007682e+02 9.317068e+01 7.129696e+01 8.186778e+01 1.080606e+02 7.225732e+01 7.991505e+01 7.734345e+01 7.123996e+01 1.081139e+02 8.196894e+01 7.683013e+01 9.237707e+01 8.599570e+01 9.770492e+01 9.696977e+01 7.604552e+01 9.324301e+01 7.189786e+01 8.064186e+01 9.611979e+01 8.790868e+01 9.373128e+01 
8.680007e+01 8.759320e+01 4.445248e+01 7.719501e+01 9.073431e+01 4.366389e+01 7.714031e+01 7.848112e+01 8.784447e+01 7.101801e+01 8.150843e+01 9.023267e+01 7.225732e+01 4.396624e+01 7.504928e+01 7.024510e+01 1.039463e+02 7.915201e+01 6.626206e+01 8.613146e+01 6.887414e+01 7.088703e+01 9.696977e+01 6.991494e+01 7.679409e+01 7.189786e+01 7.270091e+01 8.512191e+01 8.790868e+01 7.851218e+01 
7.637468e+01 6.711005e+01 3.824657e+01 7.719501e+01 8.900253e+01 4.366389e+01 5.530308e+01 7.848112e+01 8.365946e+01 6.303471e+01 8.150843e+01 8.806829e+01 5.648813e+01 4.396624e+01 6.873590e+01 7.024510e+01 7.944875e+01 6.323908e+01 6.109130e+01 7.299215e+01 6.263304e+01 6.928469e+01 7.784977e+01 6.991494e+01 6.057096e+01 7.189786e+01 6.569891e+01 6.486197e+01 8.790868e+01 7.523487e+01 
7.637468e+01 6.711005e+01 3.824657e+01 7.663973e+01 6.770623e+01 4.366389e+01 5.530308e+01 6.515637e+01 8.365946e+01 5.256852e+01 8.145842e+01 7.647253e+01 5.648813e+01 4.186812e+01 4.633696e+01 7.024510e+01 7.652829e+01 5.941052e+01 5.772886e+01 6.773791e+01 6.263304e+01 6.533283e+01 5.390056e+01 6.927185e+01 6.057096e+01 7.142071e+01 6.316911e+01 6.054030e+01 7.711872e+01 6.768373e+01 
6.898099e+01 6.397511e+01 3.824657e+01 5.703154e+01 5.144279e+01 4.366389e+01 5.265922e+01 4.348637e+01 5.768761e+01 4.767754e+01 5.995005e+01 6.749282e+01 5.392365e+01 3.813331e+01 4.633696e+01 4.947848e+01 5.533118e+01 5.052245e+01 3.583565e+01 5.461846e+01 5.801507e+01 5.448850e+01 3.689772e+01 5.274828e+01 3.821391e+01 5.758717e+01 5.835390e+01 5.347545e+01 5.399953e+01 5.992998e+01 
4.661797e+01 3.826108e+01 3.531727e+01 4.034249e+01 4.725180e+01 3.809812e+01 4.850996e+01 3.907592e+01 4.178082e+01 2.885829e+01 3.775619e+01 4.509376e+01 5.266241e+01 3.405445e+01 4.633696e+01 3.577929e+01 3.151875e+01 3.553558e+01 2.930153e+01 5.233792e+01 4.524185e+01 4.575826e+01 3.285445e+01 4.841756e+01 3.259180e+01 3.667649e+01 4.491295e+01 4.556154e+01 3.477639e+01 4.276809e+01 
3.226089e+01 2.838442e+01 3.078149e+01 3.533990e+01 2.496590e+01 3.167994e+01 2.810022e+01 3.166004e+01 3.222528e+01 2.115875e+01 2.942183e+01 2.841305e+01 3.652562e+01 2.309551e+01 2.272280e+01 2.566833e+01 2.812010e+01 2.793250e+01 2.173987e+01 3.349609e+01 2.932690e+01 2.292330e+01 2.136238e+01 3.593771e+01 2.560068e+01 2.571625e+01 2.471385e+01 2.499952e+01 2.911667e+01 2.900256e+01 
2.219513e+01 1.789385e+01 1.639154e+01 2.056466e+01 1.493276e+01 1.796390e+01 1.810293e+01 2.062198e+01 2.059711e+01 1.682201e+01 1.322577e+01 2.527731e+01 2.485480e+01 1.150843e+01 1.531198e+01 2.058349e+01 1.762722e+01 1.100833e+01 1.780594e+01 1.746846e+01 1.523071e+01 1.444692e+01 1.399468e+01 1.836714e+01 1.627179e+01 1.408192e+01 1.213368e+01 1.275372e+01 2.047216e+01 2.497678e+01 
8.979284e+00 8.292796e+00 8.151164e+00 8.841574e+00 9.867747e+00 9.757275e+00 1.186513e+01 1.146022e+01 8.660268e+00 1.072691e+01 6.789742e+00 1.280934e+01 1.013421e+01 7.637719e+00 9.144873e+00 1.005780e+01 1.001479e+01 1.021144e+01 8.267805e+00 1.080730e+01 1.030873e+01 9.988888e+00 9.844391e+00 1.018767e+01 9.353790e+00 8.215371e+00 5.391002e+00 9.094382e+00 1.068966e+01 6.811720e+00 
4.309795e+00 4.482071e+00 2.542418e+00 3.942770e+00 3.628661e+00 4.223619e+00 4.191988e+00 3.752433e+00 3.508808e+00 3.502263e+00 2.457909e+00 5.225620e+00 4.893258e+00 3.055546e+00 3.419440e+00 4.407104e+00 4.193344e+00 5.078267e+00 3.285919e+00 2.287798e+00 2.690771e+00 4.124638e+00 3.807192e+00 3.602734e+00 2.970970e+00 2.506545e+00 3.866869e+00 1.903557e+00 1.601754e+00 2.738898e+00 
1.271673e+00 8.091175e-01 1.200124e+00 1.081351e+00 1.119930e+00 1.293414e+00 1.404863e+00 7.461737e-01 7.414136e-01 1.231305e+00 6.621490e-01 9.550753e-01 1.077384e+00 2.833946e-01 8.081824e-01 7.731255e-01 8.737541e-01 1.003885e+00 1.036214e+00 8.964303e-01 5.342778e-01 8.591642e-01 8.052858e-01 9.150934e-01 6.120860e-01 9.213107e-01 7.714706e-01 6.481950e-01 4.728552e-01 1.063120e+00 
1.014917e-01 6.862374e-02 1.237520e-01 8.284337e-02 1.408957e-01 1.038470e-01 1.535796e-01 1.004775e-01 8.376395e-02 7.651750e-02 8.632606e-02 7.159389e-02 9.764292e-02 9.320167e-02 5.282078e-02 8.759013e-02 1.327273e-01 1.240033e-01 9.237020e-02 1.031140e-01 4.977586e-02 1.029222e-01 8.070753e-02 1.385519e-01 7.747924e-02 1.126403e-01 1.166254e-01 9.698796e-02 1.084205e-01 1.180833e-01 
3.114682e-03 1.572325e-03 2.277818e-03 2.400909e-03 3.167477e-03 1.728683e-03 2.398669e-03 2.210219e-03 2.457105e-03 2.374650e-03 1.616953e-03 2.547977e-03 2.449809e-03 1.504477e-03 2.138257e-03 1.756072e-03 2.409593e-03 2.965898e-03 1.592669e-03 2.744000e-03 1.129668e-03 1.918772e-03 1.946622e-03 2.370546e-03 2.246404e-03 2.220070e-03 2.170146e-03 3.698771e-03 1.355723e-03 1.491782e-03 
1.214333e-06 8.356795e-07 7.726049e-07 5.427455e-07 2.288897e-06 1.545956e-06 1.036818e-06 1.492921e-06 8.256947e-07 8.029692e-07 3.988149e-07 8.638328e-07 1.858527e-06 6.813525e-07 1.384784e-06 4.572853e-07 2.595739e-06 5.195488e-07 1.133403e-06 1.081378e-06 5.384047e-07 1.159119e-06 6.469817e-07 8.064210e-07 7.731900e-07 1.806031e-06 1.038962e-06 1.310961e-06 9.157819e-07 7.107719e-07 
1.000000e-08 1.000000e-08 1.000000e-08 1.000000e-08 1.000000e-08 1.000000e-08 1.000000e-08 1.000000e-08 1.000000e-08 1.000000e-08 1.000000e-08 1.000000e-08 1.000000e-08 1.000000e-08 1.000000e-08 1.000000e-08 1.000000e-08 1.000000e-08 1.000000e-08 1.000000e-08 1.000000e-08 1.000000e-08 1.000000e-08 1.000000e-08 1.000000e-08 1.000000e-08 1.000000e-08 1.000000e-08 1.000000e-08 1.000000e-08 
1.000000e-08 1.000000e-08 1.000000e-08 1.000000e-08 1.000000e-08 1.000000e-08 1.000000e-08 1.000000e-08 1.000000e-08 1.000000e-08 1.000000e-08 1.000000e-08 1.000000e-08 1.000000e-08 1.000000e-08 1.000000e-08 1.000000e-08 1.000000e-08 1.000000e-08 1.000000e-08 1.000000e-08 1.000000e-08 1.000000e-08 1.000000e-08 1.000000e-08 1.000000e-08 1.000000e-08 1.000000e-08 1.000000e-08 1.000000e-08 
9.004800e+04 8.953500e+04 8.885100e+04 8.804400e+04 9.285700e+04 9.263500e+04 8.873700e+04 9.218700e+04 9.123500e+04 9.027600e+04 8.769600e+04 8.959200e+04 9.027600e+04 8.839200e+04 9.157100e+04 8.676800e+04 9.246700e+04 8.734800e+04 9.056100e+04 8.982000e+04 8.868000e+04 9.140300e+04 8.890800e+04 8.913600e+04 9.173900e+04 9.101100e+04 8.930700e+04 9.190700e+04 8.930700e+04 8.839200e+04 
