1.793000e+03 2.057919e+03 2.092109e+03 2.040802e+03 1.861397e+03 2.715993e+03 3.188183e+03 3.023175e+03 2.260590e+03 2.600149e+03 2.093295e+03 1.108603e+03 1.494937e+03 1.719485e+03 3.358704e+03 2.498185e+03 5.532719e+02 2.282319e+03 1.374595e+03 1.782549e+03 2.235725e+03 2.598839e+03 3.392829e+02 1.423952e+03 2.384859e+03 1.843517e+03 3.211614e+03 2.467008e+03 1.256221e+03 2.619880e+03 
1.793000e+03 9.526706e+02 1.721385e+03 2.040802e+03 1.861397e+03 1.522858e+03 1.142766e+03 2.722535e+03 1.564444e+03 1.677704e+03 8.456336e+02 8.017242e+02 1.494937e+03 1.719485e+03 2.545309e+03 2.264345e+03 5.532719e+02 1.093367e+03 1.355251e+03 1.782549e+03 2.235725e+03 1.094377e+03 3.387406e+02 1.355743e+03 2.384859e+03 9.918635e+02 2.113323e+03 1.749758e+03 1.252458e+03 2.020475e+03 
1.793000e+03 9.397286e+02 1.721385e+03 1.976682e+03 1.241284e+03 1.453784e+03 1.010602e+03 1.142235e+03 1.564444e+03 1.229778e+03 8.456336e+02 8.017242e+02 1.494937e+03 1.692745e+03 2.545309e+03 1.768923e+03 5.532719e+02 8.866723e+02 1.059381e+03 1.608697e+03 1.108667e+03 1.026188e+03 3.079743e+02 9.357309e+02 1.653856e+03 9.743841e+02 1.489472e+03 1.585714e+03 1.249606e+03 2.020475e+03 
1.611330e+03 9.084281e+02 1.376707e+03 1.778716e+03 8.291056e+02 3.075628e+02 7.792543e+02 9.324369e+02 1.564444e+03 9.242265e+02 8.456336e+02 8.017242e+02 1.196493e+03 1.258767e+03 1.401662e+03 1.400781e+03 5.532719e+02 8.700197e+02 9.762047e+02 1.608697e+03 1.099612e+03 1.026188e+03 2.672849e+02 9.357309e+02 1.653856e+03 8.855255e+02 1.373227e+03 1.585714e+03 1.249606e+03 1.652257e+03 
8.590396e+02 9.084281e+02 8.284704e+02 8.370690e+02 6.755949e+02 3.072607e+02 5.664273e+02 7.675933e+02 1.143270e+03 5.857595e+02 5.776479e+02 4.955626e+02 8.613949e+02 5.216222e+02 1.147024e+03 6.295725e+02 4.863314e+02 3.713357e+02 7.892997e+02 3.092850e+02 1.039396e+03 3.397558e+02 2.527066e+02 9.078747e+02 3.692300e+02 4.045604e+02 1.144889e+03 5.387747e+02 3.997839e+02 8.709174e+02 
3.922735e+02 3.418393e+02 2.837726e+02 4.306256e+02 4.196992e+02 2.202372e+02 3.761697e+02 1.848075e+02 2.106397e+02 5.528051e+02 2.469906e+02 3.199191e+02 4.360365e+02 2.120989e+02 4.575370e+02 2.222904e+02 2.697783e+02 2.882649e+02 4.576792e+02 2.876254e+02 2.455957e+02 3.187022e+02 1.061862e+02 1.711952e+02 2.438198e+02 2.120483e+02 4.042560e+02 5.351469e+02 2.844414e+02 1.469857e+02 
1.248646e+02 1.642797e+02 1.957340e+02 1.470651e+02 1.901298e+02 1.253548e+02 1.669043e+02 1.734792e+02 1.477804e+02 1.455627e+02 1.668831e+02 1.132472e+02 2.719298e+02 1.521272e+02 2.126277e+02 1.695948e+02 1.324363e+02 1.685718e+02 1.527553e+02 1.394144e+02 1.451256e+02 1.495687e+02 6.436059e+01 4.201998e+01 1.335861e+02 1.810620e+02 1.517222e+02 2.399277e+02 1.864239e+02 1.247301e+02 
9.438446e+01 5.262828e+01 9.439014e+01 5.920425e+01 9.687414e+01 1.081887e+02 7.835199e+01 6.936198e+01 6.832776e+01 1.216320e+02 8.418967e+01 8.955926e+01 9.724327e+01 7.855793e+01 6.252429e+01 8.027165e+01 7.173640e+01 6.253353e+01 6.916490e+01 8.778350e+01 5.048210e+01 8.589859e+01 5.462777e+01 3.628508e+01 1.116345e+02 5.180918e+01 6.137707e+01 8.591998e+01 1.115004e+02 1.024433e+02 
5.012106e+01 4.177821e+01 3.279151e+01 4.012313e+01 4.561009e+01 5.107328e+01 4.690641e+01 3.471496e+01 2.472726e+01 4.738477e+01 3.768008e+01 3.261824e+01 6.571357e+01 3.554702e+01 3.947984e+01 6.419717e+01 4.301271e+01 3.597893e+01 4.143098e+01 4.241448e+01 2.738911e+01 4.865210e+01 2.473959e+01 1.911860e+01 3.747259e+01 3.682428e+01 4.235113e+01 4.824497e+01 3.726623e+01 3.229071e+01 
2.034465e+01 1.151765e+01 1.604653e+01 2.332589e+01 1.955642e+01 1.349063e+01 1.626063e+01 2.350191e+01 1.679442e+01 1.519168e+01 1.591425e+01 1.408075e+01 1.914854e+01 1.403482e+01 1.296391e+01 1.474148e+01 1.999828e+01 1.921832e+01 2.236728e+01 1.825150e+01 1.132797e+01 1.427870e+01 1.075926e+01 1.324865e+01 1.249153e+01 1.266176e+01 1.326817e+01 2.939514e+01 2.715603e+01 2.054402e+01 
1.433974e+01 5.464162e+00 5.723982e+00 9.755361e+00 6.066188e+00 6.894529e+00 1.116204e+01 1.218146e+01 6.489168e+00 9.876254e+00 8.417231e+00 1.040224e+01 8.022754e+00 8.122577e+00 4.012350e+00 9.879303e+00 6.299918e+00 7.865497e+00 8.293458e+00 5.956269e+00 7.309792e+00 6.798433e+00 6.842138e+00 9.377725e+00 9.021856e+00 8.080872e+00 8.143077e+00 1.091449e+01 1.094785e+01 2.357925e+00 
4.985020e+00 3.613655e+00 4.214411e+00 5.159980e+00 3.548862e+00 3.625188e+00 1.747703e+00 1.579486e+00 3.454783e+00 4.121112e+00 5.841400e+00 2.635163e+00 6.724174e+00 4.746765e+00 3.615932e+00 5.573285e+00 1.690596e+00 1.853915e+00 1.509842e+00 8.912772e-01 2.421891e+00 1.138738e+00 5.846229e+00 7.567180e-01 3.030530e+00 1.537205e+00 1.781950e+00 1.670295e+00 2.023000e+00 1.671939e+00 
5.779820e-01 8.170742e-01 8.060391e-01 1.270036e+00 5.749365e-01 1.524373e+00 6.137842e-01 5.768481e-01 1.016649e+00 6.910614e-01 1.708067e+00 7.703548e-01 1.252060e+00 1.076152e+00 9.656656e-01 4.967346e-01 6.025783e-01 6.263412e-01 4.585192e-01 9.339250e-02 3.493673e-01 1.753821e-01 6.830287e-01 4.429136e-01 6.692466e-01 5.344958e-01 4.696572e-01 8.313525e-01 1.622614e-01 5.704963e-01 
3.704400e-02 4.126326e-02 1.375071e-01 1.676190e-01 1.745622e-01 5.407771e-01 2.576151e-02 3.972520e-01 1.559241e-01 1.159550e-01 9.627991e-02 4.145711e-01 6.777107e-02 9.790349e-02 2.532953e-01 5.459048e-02 4.991262e-02 3.140488e-01 1.523614e-01 3.965842e-02 5.820821e-02 3.292839e-02 1.878628e-01 8.302132e-02 5.453858e-02 9.667701e-02 2.590602e-01 1.628981e-01 1.026556e-01 2.582378e-02 
1.311004e-06 7.229055e-06 4.789490e-05 5.797412e-07 9.645225e-05 5.146298e-04 3.787633e-03 1.556093e-07 4.230297e-06 1.126782e-02 1.568109e-06 2.792540e-02 1.513007e-05 3.686356e-05 1.174675e-05 6.512885e-07 7.104811e-06 3.379319e-06 5.732108e-06 6.428934e-06 4.701682e-05 5.448983e-07 9.567877e-06 4.284908e-08 1.859578e-07 6.804310e-06 9.437007e-04 1.003738e-06 9.352667e-06 2.960083e-04 
1.000000e-08 1.000000e-08 1.000000e-08 1.000000e-08 1.000000e-08 1.000000e-08 1.000000e-08 1.000000e-08 1.000000e-08 1.000000e-08 1.000000e-08 1.000000e-08 1.000000e-08 1.000000e-08 1.000000e-08 1.000000e-08 1.000000e-08 1.000000e-08 1.000000e-08 1.000000e-08 1.000000e-08 1.000000e-08 1.000000e-08 1.000000e-08 1.000000e-08 1.000000e-08 1.000000e-08 1.000000e-08 1.000000e-08 1.000000e-08 
1.321460e+05 1.336300e+05 1.374320e+05 1.308150e+05 1.368270e+05 1.376720e+05 1.435130e+05 1.311430e+05 1.336960e+05 1.416330e+05 1.332640e+05 1.464780e+05 1.346250e+05 1.369640e+05 1.341270e+05 1.310690e+05 1.335940e+05 1.332270e+05 1.331980e+05 1.335520e+05 1.355010e+05 1.312540e+05 1.354650e+05 1.283190e+05 1.293820e+05 1.340940e+05 1.394840e+05 1.315520e+05 1.336260e+05 1.362050e+05 
