1.017124e+04 8.441852e+03 1.247640e+04 1.284275e+04 1.179345e+04 9.380402e+03 1.170208e+04 1.194912e+04 1.106959e+04 1.193335e+04 1.089976e+04 9.769467e+03 1.226673e+04 5.954124e+03 1.090575e+04 1.096999e+04 1.277394e+04 1.241446e+04 1.377979e+04 8.961206e+03 1.005143e+04 1.305656e+04 8.754290e+03 9.435831e+03 8.012546e+03 1.297372e+04 7.908583e+03 1.200073e+04 7.222008e+03 9.119968e+03 
1.017124e+04 8.441852e+03 1.247640e+04 1.284275e+04 1.179345e+04 9.380402e+03 1.170208e+04 9.315524e+03 1.106959e+04 1.015640e+04 8.276031e+03 9.769467e+03 1.226673e+04 5.954124e+03 1.090575e+04 1.096999e+04 9.608208e+03 1.216520e+04 1.175591e+04 8.961206e+03 7.408400e+03 1.117551e+04 8.754290e+03 9.435831e+03 8.012546e+03 1.117967e+04 7.895050e+03 1.200073e+04 7.222008e+03 9.119968e+03 
1.017124e+04 8.020461e+03 1.016499e+04 8.780091e+03 9.523680e+03 9.380402e+03 1.169038e+04 9.315524e+03 1.104702e+04 8.331707e+03 8.276031e+03 9.145032e+03 9.103640e+03 5.954124e+03 1.090575e+04 1.075381e+04 9.608208e+03 1.216520e+04 6.595612e+03 8.961206e+03 7.408400e+03 7.470147e+03 8.754290e+03 9.435831e+03 8.012546e+03 1.117967e+04 7.895050e+03 1.200073e+04 5.596425e+03 9.119968e+03 
8.331848e+03 8.020461e+03 1.016499e+04 8.780091e+03 9.279598e+03 8.385493e+03 1.169038e+04 8.305656e+03 9.649275e+03 8.331707e+03 8.276031e+03 5.638574e+03 9.103640e+03 5.954124e+03 7.599069e+03 9.604591e+03 9.608208e+03 7.663347e+03 6.595612e+03 8.961206e+03 7.408400e+03 7.470147e+03 8.754290e+03 9.166204e+03 8.012546e+03 1.068907e+04 7.895050e+03 1.080860e+04 5.596425e+03 9.119968e+03 
5.468063e+03 8.020461e+03 8.233148e+03 8.640031e+03 8.930438e+03 7.281110e+03 8.547491e+03 7.694380e+03 8.441906e+03 8.331707e+03 8.276031e+03 5.520703e+03 9.103640e+03 5.954124e+03 7.291530e+03 9.604591e+03 8.364701e+03 7.663347e+03 6.595612e+03 8.237348e+03 6.571362e+03 7.470147e+03 7.892554e+03 7.686773e+03 8.012546e+03 8.643953e+03 7.895050e+03 1.080860e+04 5.172806e+03 8.993729e+03 
5.468063e+03 8.020461e+03 8.083020e+03 8.640031e+03 7.265380e+03 7.281110e+03 7.753993e+03 6.981866e+03 5.507461e+03 7.476826e+03 8.276031e+03 4.948938e+03 7.219110e+03 5.954124e+03 7.145613e+03 9.587080e+03 8.364701e+03 7.663347e+03 6.595612e+03 7.923165e+03 6.571362e+03 5.772932e+03 7.892554e+03 5.781528e+03 7.002993e+03 8.534840e+03 7.869242e+03 9.595709e+03 5.172806e+03 8.993729e+03 
4.582002e+03 6.483328e+03 6.513004e+03 4.782584e+03 5.645835e+03 7.205511e+03 6.640469e+03 6.939637e+03 4.590269e+03 5.137087e+03 6.611446e+03 4.948938e+03 6.682396e+03 5.954124e+03 7.145613e+03 7.915046e+03 6.583970e+03 7.663347e+03 5.941027e+03 7.923165e+03 5.557523e+03 5.749668e+03 6.471471e+03 4.738368e+03 7.002993e+03 7.942421e+03 5.502247e+03 7.780782e+03 2.528048e+03 6.673207e+03 
4.582002e+03 3.580267e+03 5.052388e+03 2.998114e+03 5.569338e+03 5.886340e+03 6.085517e+03 5.815592e+03 4.466337e+03 3.622057e+03 5.966299e+03 4.686145e+03 6.682396e+03 4.787905e+03 5.744601e+03 5.938792e+03 5.085352e+03 6.355652e+03 3.974682e+03 5.888439e+03 5.557523e+03 4.064662e+03 4.537205e+03 4.345926e+03 4.557698e+03 6.037765e+03 5.502247e+03 5.609655e+03 2.528048e+03 6.546932e+03 
4.265118e+03 2.999951e+03 3.436685e+03 2.708536e+03 5.308717e+03 5.772084e+03 4.734464e+03 2.156220e+03 3.231471e+03 3.443142e+03 5.960854e+03 4.627645e+03 5.210038e+03 2.732781e+03 4.743733e+03 5.509927e+03 4.550212e+03 4.639309e+03 3.925154e+03 4.109102e+03 3.573736e+03 2.881867e+03 4.187330e+03 4.082325e+03 3.905703e+03 5.798361e+03 5.169862e+03 5.059873e+03 2.028659e+03 5.488605e+03 
3.470401e+03 2.172972e+03 2.710077e+03 2.183288e+03 4.038215e+03 4.334871e+03 4.493609e+03 1.709440e+03 2.846370e+03 2.455576e+03 4.543278e+03 4.210516e+03 4.056698e+03 2.186872e+03 4.076855e+03 4.464465e+03 3.344942e+03 3.955268e+03 3.051203e+03 3.298241e+03 2.989616e+03 2.483088e+03 3.446712e+03 3.174398e+03 3.498966e+03 4.418958e+03 3.859234e+03 4.722364e+03 1.776788e+03 3.491767e+03 
3.059012e+03 1.964255e+03 2.225392e+03 1.922879e+03 3.079738e+03 2.815522e+03 2.967758e+03 1.554147e+03 2.376340e+03 2.339047e+03 3.689826e+03 3.756059e+03 3.039191e+03 1.728626e+03 3.070771e+03 3.530666e+03 2.784809e+03 3.217984e+03 2.714088e+03 2.606520e+03 2.862267e+03 2.091970e+03 3.035910e+03 2.466318e+03 3.057134e+03 3.017180e+03 2.912999e+03 3.679883e+03 1.351058e+03 3.142746e+03 
2.516657e+03 1.795740e+03 1.741991e+03 1.822005e+03 2.662442e+03 2.429907e+03 2.722348e+03 1.290738e+03 2.258739e+03 2.178741e+03 3.277942e+03 2.712411e+03 2.580420e+03 1.677814e+03 2.393522e+03 3.261344e+03 2.354997e+03 2.750774e+03 2.386314e+03 2.082116e+03 2.245869e+03 1.868046e+03 2.738412e+03 2.210603e+03 2.756973e+03 2.597491e+03 2.521611e+03 3.190341e+03 1.286845e+03 3.032264e+03 
2.266920e+03 1.690020e+03 1.608990e+03 1.603706e+03 2.418276e+03 2.294323e+03 2.424293e+03 1.118888e+03 2.110789e+03 2.072301e+03 2.919163e+03 2.264593e+03 2.500987e+03 1.582835e+03 2.026196e+03 2.854630e+03 2.133714e+03 2.636469e+03 2.195173e+03 1.986722e+03 2.164901e+03 1.600232e+03 2.522795e+03 2.039125e+03 2.038800e+03 2.434525e+03 2.291514e+03 2.961083e+03 1.171550e+03 2.870979e+03 
2.023354e+03 1.498383e+03 1.455269e+03 1.341727e+03 2.266036e+03 2.259790e+03 2.332639e+03 1.015712e+03 1.832984e+03 1.947427e+03 2.646922e+03 2.123711e+03 2.486743e+03 1.522701e+03 1.903878e+03 2.737589e+03 2.013103e+03 2.478369e+03 2.085803e+03 1.913527e+03 2.072720e+03 1.410864e+03 2.308315e+03 1.756135e+03 1.947550e+03 2.282468e+03 2.016408e+03 2.817848e+03 1.119925e+03 2.749800e+03 
1.000000e-08 1.000000e-08 1.000000e-08 1.000000e-08 1.000000e-08 1.000000e-08 1.000000e-08 1.000000e-08 1.000000e-08 1.000000e-08 1.000000e-08 1.000000e-08 1.000000e-08 1.000000e-08 1.000000e-08 1.000000e-08 1.000000e-08 1.000000e-08 1.000000e-08 1.000000e-08 1.000000e-08 1.000000e-08 1.000000e-08 8.952825e-02 1.000000e-08 1.000000e-08 1.000000e-08 1.000000e-08 1.000000e-08 1.000000e-08 
1.000000e-08 1.000000e-08 1.000000e-08 1.000000e-08 1.000000e-08 1.000000e-08 1.000000e-08 1.000000e-08 1.000000e-08 1.000000e-08 1.000000e-08 1.000000e-08 1.000000e-08 1.000000e-08 1.000000e-08 1.000000e-08 1.000000e-08 1.000000e-08 1.000000e-08 1.000000e-08 1.000000e-08 1.000000e-08 1.000000e-08 8.952825e-02 1.000000e-08 1.000000e-08 1.000000e-08 1.000000e-08 1.000000e-08 1.000000e-08 
5.398710e+05 5.428950e+05 5.407810e+05 5.403950e+05 5.386230e+05 5.434690e+05 5.415480e+05 5.381390e+05 5.445270e+05 5.414070e+05 5.435190e+05 5.413080e+05 5.442860e+05 5.402050e+05 5.451010e+05 5.406380e+05 5.401110e+05 5.402060e+05 5.421750e+05 5.391500e+05 5.391970e+05 5.403980e+05 5.428960e+05 1.000000e+06 5.424150e+05 5.432790e+05 5.424620e+05 5.406880e+05 5.416470e+05 5.408290e+05 
