1.995431e+02 1.560921e+02 1.645434e+02 1.876459e+02 1.483417e+02 2.282974e+02 1.345766e+02 2.370342e+02 1.645669e+02 2.342737e+02 2.163409e+02 1.259016e+02 1.022272e+02 2.361377e+02 1.964067e+02 1.306526e+02 1.951039e+02 2.003460e+02 2.282815e+02 1.871142e+02 2.594452e+02 1.410462e+02 1.699006e+02 1.933831e+02 2.899443e+02 2.025328e+02 1.706859e+02 1.690676e+02 2.175499e+02 2.093185e+02 
1.750638e+02 1.560921e+02 1.645434e+02 1.876459e+02 1.425216e+02 2.282974e+02 1.345201e+02 2.048531e+02 1.486372e+02 2.315897e+02 2.147583e+02 1.245251e+02 1.022272e+02 2.281646e+02 1.774721e+02 1.231180e+02 1.531861e+02 1.915430e+02 2.282815e+02 1.798324e+02 1.153791e+02 1.356912e+02 1.699006e+02 1.741686e+02 2.155393e+02 2.025328e+02 1.706859e+02 9.078194e+01 1.425153e+02 1.832447e+02 
1.750638e+02 1.515226e+02 1.342749e+02 1.711182e+02 1.425216e+02 1.890365e+02 1.138928e+02 1.873495e+02 1.350289e+02 2.012707e+02 2.147583e+02 9.286428e+01 1.022272e+02 2.281646e+02 1.527149e+02 1.231180e+02 1.531861e+02 1.915430e+02 2.135658e+02 1.777951e+02 1.153791e+02 1.210333e+02 1.699006e+02 1.407234e+02 2.106784e+02 1.812071e+02 1.706859e+02 9.078194e+01 1.425153e+02 1.832447e+02 
1.093586e+02 1.515226e+02 1.194569e+02 1.204953e+02 1.425216e+02 1.890365e+02 1.138928e+02 1.873495e+02 1.309176e+02 1.887898e+02 2.011674e+02 9.286428e+01 1.022272e+02 1.842522e+02 1.527149e+02 1.231180e+02 1.506758e+02 1.854665e+02 1.568210e+02 1.500927e+02 9.760099e+01 1.210333e+02 1.699006e+02 1.237189e+02 1.810164e+02 1.443194e+02 1.588665e+02 9.078194e+01 1.366705e+02 1.824457e+02 
9.368946e+01 1.090664e+02 7.811070e+01 1.012660e+02 1.411458e+02 1.878585e+02 1.138928e+02 1.593847e+02 1.071974e+02 7.956163e+01 1.302742e+02 8.797970e+01 9.244702e+01 1.098547e+02 1.343525e+02 1.186238e+02 1.379863e+02 1.345066e+02 1.204257e+02 1.242054e+02 9.760099e+01 1.155868e+02 7.224633e+01 1.181312e+02 1.181387e+02 1.439111e+02 1.023879e+02 8.639149e+01 1.066708e+02 1.299189e+02 
8.930137e+01 5.792920e+01 7.811070e+01 6.284614e+01 1.222594e+02 1.200389e+02 1.138928e+02 1.045629e+02 1.002034e+02 6.894859e+01 1.144717e+02 8.797970e+01 9.244702e+01 1.000074e+02 1.084209e+02 7.099188e+01 9.639915e+01 1.164373e+02 7.934779e+01 1.239502e+02 8.458475e+01 9.733598e+01 7.224633e+01 1.007398e+02 8.442931e+01 1.213135e+02 9.050705e+01 8.639149e+01 8.123698e+01 1.049740e+02 
8.930137e+01 4.638428e+01 7.215677e+01 6.284614e+01 7.198357e+01 9.187800e+01 9.596573e+01 8.679212e+01 6.376045e+01 4.732711e+01 8.673754e+01 8.797970e+01 8.686839e+01 7.755604e+01 6.219513e+01 6.470989e+01 5.484208e+01 6.555118e+01 7.133447e+01 6.711421e+01 8.177832e+01 7.362524e+01 5.074027e+01 6.566618e+01 5.622746e+01 8.168566e+01 9.023165e+01 6.769055e+01 7.313551e+01 9.579742e+01 
7.065686e+01 3.937267e+01 5.770811e+01 5.538823e+01 6.810072e+01 6.471573e+01 6.374460e+01 7.130460e+01 5.280334e+01 4.732711e+01 4.263066e+01 6.957936e+01 6.577645e+01 5.501431e+01 5.979606e+01 4.952174e+01 5.222476e+01 5.855720e+01 6.100573e+01 5.315901e+01 5.011628e+01 4.838127e+01 5.074027e+01 5.056977e+01 5.295222e+01 6.350714e+01 3.738730e+01 5.186424e+01 5.275769e+01 6.995752e+01 
4.457301e+01 3.923192e+01 3.332350e+01 3.824987e+01 4.334819e+01 5.120641e+01 4.929828e+01 3.725476e+01 3.870047e+01 3.629558e+01 2.915190e+01 3.968554e+01 4.464869e+01 4.360595e+01 3.413660e+01 3.053236e+01 4.184320e+01 4.121161e+01 5.163385e+01 4.248519e+01 4.294297e+01 4.161132e+01 4.422521e+01 4.547043e+01 4.190920e+01 4.930937e+01 2.569086e+01 3.913513e+01 2.860589e+01 3.173358e+01 
3.197399e+01 3.758493e+01 2.858179e+01 2.699262e+01 2.992740e+01 3.259548e+01 3.215496e+01 3.269266e+01 2.813984e+01 2.788421e+01 2.665216e+01 2.569157e+01 3.079575e+01 2.715856e+01 3.222710e+01 2.919351e+01 3.412148e+01 3.191533e+01 3.689650e+01 3.253660e+01 3.283447e+01 2.989533e+01 2.715098e+01 2.672738e+01 2.719810e+01 2.573923e+01 2.538944e+01 2.805993e+01 2.632923e+01 2.753254e+01 
2.131210e+01 2.279216e+01 2.006269e+01 1.700271e+01 2.024787e+01 1.086795e+01 2.372609e+01 2.351490e+01 2.211115e+01 2.518316e+01 2.380035e+01 1.712218e+01 1.961066e+01 2.614683e+01 1.887771e+01 2.377050e+01 2.363951e+01 2.348994e+01 1.832129e+01 2.303539e+01 1.385117e+01 1.738602e+01 7.663664e+00 2.001634e+01 1.476531e+01 1.205546e+01 1.540788e+01 1.788549e+01 2.126995e+01 2.246260e+01 
6.584656e+00 4.891704e+00 1.286358e+01 6.628933e+00 8.036446e+00 7.313708e+00 1.114708e+01 9.421534e+00 1.109785e+01 8.395969e+00 6.200505e+00 1.168848e+01 9.902529e+00 6.682651e+00 9.387783e+00 1.435189e+01 1.353572e+01 6.096991e+00 9.328358e+00 9.279519e+00 6.741733e+00 6.849300e+00 7.624746e+00 8.669260e+00 7.336276e+00 9.429328e+00 8.338238e+00 1.140784e+01 5.741018e+00 6.736018e+00 
4.638214e+00 3.453908e+00 6.189579e+00 5.038071e+00 3.000990e+00 5.399332e+00 3.298277e+00 5.532605e+00 7.058574e+00 4.924094e+00 4.452422e+00 5.819029e+00 1.564479e+00 4.732227e+00 2.177391e+00 6.067190e+00 7.411763e+00 2.374433e+00 2.528948e+00 4.733058e+00 4.885687e+00 5.058237e+00 4.500269e+00 2.280673e+00 4.461362e+00 6.013272e+00 2.723782e+00 5.942625e+00 2.421603e+00 3.127122e+00 
2.276721e+00 2.645946e+00 3.131683e+00 4.414933e+00 1.603154e+00 1.943706e+00 2.366534e+00 1.754618e+00 2.101514e+00 1.658543e+00 3.377113e+00 2.975171e+00 7.799400e-01 3.214331e+00 2.102673e+00 3.697219e+00 2.498811e+00 1.663127e+00 2.498848e+00 1.875396e+00 1.841856e+00 2.068651e+00 2.680545e+00 1.851102e+00 3.216581e+00 2.590855e+00 1.317584e+00 2.565142e+00 1.308264e+00 1.269208e+00 
1.055007e-02 1.740933e-05 3.225278e-02 2.557484e-03 2.104641e-03 6.999635e-03 3.829932e-03 2.382895e-03 2.757931e-03 6.320022e-03 1.496502e-02 6.909670e-03 1.012393e-03 1.009255e-03 1.648206e-03 1.381579e-02 2.858562e-02 1.348476e-02 7.854029e-04 1.115332e-02 1.349615e-04 7.262412e-03 8.764783e-03 4.365335e-03 8.433730e-03 1.122116e-04 3.870284e-03 3.333655e-03 9.551568e-03 3.614493e-03 
1.000000e-08 1.000000e-08 1.000000e-08 1.000000e-08 1.000000e-08 1.000000e-08 1.000000e-08 1.000000e-08 1.000000e-08 1.000000e-08 1.000000e-08 1.000000e-08 1.000000e-08 1.000000e-08 1.000000e-08 1.000000e-08 1.000000e-08 1.000000e-08 1.000000e-08 1.000000e-08 1.000000e-08 1.000000e-08 1.000000e-08 1.000000e-08 1.000000e-08 1.000000e-08 1.000000e-08 1.000000e-08 1.000000e-08 1.000000e-08 
1.590130e+05 1.338760e+05 1.552430e+05 1.392480e+05 1.473230e+05 1.630730e+05 1.521570e+05 1.547420e+05 1.403370e+05 1.476160e+05 1.645460e+05 1.522110e+05 1.550030e+05 1.463500e+05 1.641880e+05 1.509680e+05 1.538320e+05 1.613080e+05 1.438920e+05 1.587530e+05 1.356400e+05 1.529680e+05 1.483670e+05 1.536750e+05 1.579810e+05 1.361980e+05 1.538590e+05 1.498510e+05 1.598130e+05 1.576950e+05 
